audio_path,duration,text,language,source,root,file_exists,reference,hypothesis
/mnt/multilingual_data/audio/Intron-Multimodal-Benchmarking/data/audio/intron/xhosa/256e38069d7255f44a7942d760497889_LdFewY9i.wav,13.781000137329102,Molo bendikwijimi kwaye ukubetha kwentliziyo yam ngelixa ndisebenza ngaphandle kwakungu 94 kodwa umatshini weminyaka yam uthe bekufanele ubhe ngu 110. Ndilibhinqa elina 52 iminyaka. ,xhosa,intron-MT,/home/azureuser/gabby_data_mls/Intron-Multimodal-Benchmarking/data/,True,Molo bendikwijimi kwaye ukubetha kwentliziyo yam ngelixa ndisebenza ngaphandle kwakungu 94 kodwa umatshini weminyaka yam uthe bekufanele ubhe ngu 110. Ndilibhinqa elina 52 iminyaka. ,"Mholo Ben kwi-gym, kwayo ukubetha kwentliziyo yam ngelixa ndisebenza ngaphandle kwakungu-94. Kodwa umatshini weminyaka yam uthi bekufanele ukuba ngu-110. Ndilibhinqa elina-52 iminyaka."
/mnt/multilingual_data/audio/Intron-Multimodal-Benchmarking/data/audio/intron/xhosa/ff397d2c2921834674f1e0b86692ef18_adMMGwRs.wav,9.23799991607666,Oogqirha ABANE abayazi ukuba yintoni ebangela ukuba ndixhuzule ibe bathi ukulibala oku kubizwa ngokuba YI-TRÀNS GLOBÀL AMNESIA AYISOSIFO SOKUWA.,xhosa,intron-MT,/home/azureuser/gabby_data_mls/Intron-Multimodal-Benchmarking/data/,True,Oogqirha ABANE abayazi ukuba yintoni ebangela ukuba ndixhuzule ibe bathi ukulibala oku kubizwa ngokuba YI-TRÀNS GLOBÀL AMNESIA AYISOSIFO SOKUWA.,"Oogqirha kambe bayazi ukuba yintoni eyabangela ukuba unqozole, ibe bathi ukulibala oku kubizwa ngokuba yi-transglobal amnesia, ayisosifo sobuwa."
/mnt/multilingual_data/audio/Intron-Multimodal-Benchmarking/data/audio/intron/xhosa/b00ded3ea914e504b8884197d49e0913_IrDpKjo6.wav,20.270999908447266,Kuye kwenzeka iintsuku ezili- 11 ngoku kwaye xa ndaya esibhedlele kwiveki ephelileyo bakhawuleza bayichitha njengengxaki yezihlunu.,xhosa,intron-MT,/home/azureuser/gabby_data_mls/Intron-Multimodal-Benchmarking/data/,True,Kuye kwenzeka iintsuku ezili- 11 ngoku kwaye xa ndaya esibhedlele kwiveki ephelileyo bakhawuleza bayichitha njengengxaki yezihlunu.,Kuye kwenzeka iintsuku ezilishumi elinanye ngoku kwaye xa ndaya esibhedlele kwiveki ephelileyo bakhavuleza bayichitha njengengxaki yeentlungu.
/mnt/multilingual_data/audio/Intron-Multimodal-Benchmarking/data/audio/intron/xhosa/26de7ccfd4a76dec76f0a65f561a1a64_wDOQW8I5.wav,13.782999992370604,"Ndiqale ukuxukuxa amazinyo wam kwintsukwana ezimbalwa kwaye ndihlele ukuba ndingabi sayeka. Ndingenza njani uba kuphele ingqaqambo?... Wamkelekile kugqirha wonxibalelwano.
",xhosa,intron-MT,/home/azureuser/gabby_data_mls/Intron-Multimodal-Benchmarking/data/,True,"Ndiqale ukuxukuxa amazinyo wam kwintsukwana ezimbalwa kwaye ndihlele ukuba ndingabi sayeka. Ndingenza njani uba kuphele ingqaqambo?... Wamkelekile kugqirha wonxibalelwano.
",Ndiqale ngokuxoxa amazinyo wami kwiintsuku ezimbalwa waye ndihlele ukuba ndingabisa yeka. Ndingenza njani uba kuphele ingxaqabo? Wamkelekile kuGqirha uNgxamlelo wami.
/mnt/multilingual_data/audio/Intron-Multimodal-Benchmarking/data/audio/intron/xhosa/b399935ee79f6d3acb1290f788540d07_snq2UXdn.wav,12.670000076293944,"Inuka kakubi kakhulu indenza ndikhonyuluke, kodwa ndiyakwazi ukuqhubeka ndyingcamla kwaye ndiyijoje emphefumlweni wam. ingaba yintoni lento kwaye ndingayilungisa njani?",xhosa,intron-MT,/home/azureuser/gabby_data_mls/Intron-Multimodal-Benchmarking/data/,True,"Inuka kakubi kakhulu indenza ndikhonyuluke, kodwa ndiyakwazi ukuqhubeka ndyingcamla kwaye ndiyijoje emphefumlweni wam. ingaba yintoni lento kwaye ndingayilungisa njani?","Ndifuna ukubulela kakhulu, ndithinteleke kakhulu, kodwa ndiyakwazi ukuqhubeka ndicwangcise iitshotshi zomculo wam. Ingaba ibhunthentu? Kwaye ndingayilungisa njani?"
/mnt/multilingual_data/audio/Intron-Multimodal-Benchmarking/data/audio/intron/xhosa/b1a834a902d1d3939d95b738b1324f42_ycYf8mGh.wav,13.28499984741211,Uneentlungu ezingapheliyo kwenye yezintso zakhe le ingase kunene kodwa ke ogqirha bakhe Ingathi abanamdla wokwazi lemeko. Ungandicebisa uthini malunga nokuphuncukelwa kwakhe ngumchamo neentlungu ezi. ,xhosa,intron-MT,/home/azureuser/gabby_data_mls/Intron-Multimodal-Benchmarking/data/,True,Uneentlungu ezingapheliyo kwenye yezintso zakhe le ingase kunene kodwa ke ogqirha bakhe Ingathi abanamdla wokwazi lemeko. Ungandicebisa uthini malunga nokuphuncukelwa kwakhe ngumchamo neentlungu ezi. ,"Unentlungu ezingapheliyo kwenye yeentso zakhe, le ingasekunene, kodwa ke oogqirha bakhe ingathi abanamhla wokwazi le meko. Ungandicebisa uthini malunga nokuphuncula kwakhe kumchamo neentlungu ezi?"
/mnt/multilingual_data/audio/Intron-Multimodal-Benchmarking/data/audio/intron/xhosa/66a8dec6b90e737cd4b0957fc00b404f_AoDdkaYK.wav,10.79699993133545,Enkosi ngombuzo wakho kuGqirha weNcokola. Ndiyayiqonda inkxalabo yakho. Okokuqala kufuneka uyeke ukutshaya ngokukhawuleza. Ayikho enye indlela yoku. ,xhosa,intron-MT,/home/azureuser/gabby_data_mls/Intron-Multimodal-Benchmarking/data/,True,Enkosi ngombuzo wakho kuGqirha weNcokola. Ndiyayiqonda inkxalabo yakho. Okokuqala kufuneka uyeke ukutshaya ngokukhawuleza. Ayikho enye indlela yoku. ,Enkosi ngombuzo wakho Gqirha Wencokolo. Ndiyayiqonda inxalabo yakho. Okokuqala kufuneka uyeke ukutshaya ngokukhawuleza. Ayikho enye indlela.
/mnt/multilingual_data/audio/Intron-Multimodal-Benchmarking/data/audio/intron/xhosa/ac15b94f3b389a13eed1f4e2baf9da7c_1RSxxX1T.wav,17.51099967956543,"Unokulinda iziphumo zenkucubeko ukongeza nawaphi na amayeza,ukuba kuyimfuneko.kufuneka uthathe amayeza amiselweyo ngugqirha wakho. Nangona kunjalo,apha akukho unyango lwe-Herpes yangasese.",xhosa,intron-MT,/home/azureuser/gabby_data_mls/Intron-Multimodal-Benchmarking/data/,True,"Unokulinda iziphumo zenkucubeko ukongeza nawaphi na amayeza,ukuba kuyimfuneko.kufuneka uthathe amayeza amiselweyo ngugqirha wakho. Nangona kunjalo,apha akukho unyango lwe-Herpes yangasese.","Ungalindi iziphumo zentshubeko kongeza nawaphina amayeza. Ukuba kuyimfuneko, kufuneka uthathe amayeza amiselwe ngugqirha wakho. Nangona kunjalo, apha akukho nyango lwe Hepatitis B."
/mnt/multilingual_data/audio/Intron-Multimodal-Benchmarking/data/audio/intron/xhosa/8338ad6dca343dc9828d5739db915b58_9r3fmR5F.wav,28.858999252319336,Molweni unyana wam une nyanga ezimbini nentsuku ezingama shumi amabini anesihlanu ubudala. Wazalwa engu 3.7kg esikalini .emva kwe ntsuku ezilishumi wehla emzimbeni wangu 3.2 kg .ukusukela ngoko unyuka kancinci kancinci ,xhosa,intron-MT,/home/azureuser/gabby_data_mls/Intron-Multimodal-Benchmarking/data/,True,Molweni unyana wam une nyanga ezimbini nentsuku ezingama shumi amabini anesihlanu ubudala. Wazalwa engu 3.7kg esikalini .emva kwe ntsuku ezilishumi wehla emzimbeni wangu 3.2 kg .ukusukela ngoko unyuka kancinci kancinci ,"Yeyi mama. Wandithatha emfazini wakho owandibona kuye, andazi lwashiywa phi na i-Islam. Sasondelwa kakhulu, kuma-5% we-SKY lokugcina ibhadi kwithu. Sisemoyeni wakwa-Kumalo, u-KJO kusasa ngoku kunye neminyaka-nyaka. Hayi mama, hayi mama, hayi mama."
/mnt/multilingual_data/audio/Intron-Multimodal-Benchmarking/data/audio/intron/xhosa/33d5bf6273dc609b54b126c28ec238a1_GwUoBOT4.wav,12.930999755859377,"Ekuphela kwento ebonisiweyo luthotho lovavanyo lwe-ultrasound , kwaye akufuneki sikhathazeke ukuba ubungakanani buhlala buhleli okanye buyancipha.",xhosa,intron-MT,/home/azureuser/gabby_data_mls/Intron-Multimodal-Benchmarking/data/,True,"Ekuphela kwento ebonisiweyo luthotho lovavanyo lwe-ultrasound , kwaye akufuneki sikhathazeke ukuba ubungakanani buhlala buhleli okanye buyancipha.",Ekuphela kwento ebonisiweyo lutshotho lwavanyo lwe-ultrasound kwaye akufuneki sikhathazeke ukuba ubungakanani buhlala buhleli okanye buyanda.
/mnt/multilingual_data/audio/Intron-Multimodal-Benchmarking/data/audio/intron/xhosa/576ca155b9a37f95cfcad40d6ffb0dfc_TmYbn6fO.wav,13.527999877929688,Ndixhalabile ngesimo somyeni wam kwaye unochuku ndikwaphelelwa nalithemba loba uzakuphola.Alikho iyeza elinokuncedana ukuthomalalisa ngokukhawuleza esisigulo?,xhosa,intron-MT,/home/azureuser/gabby_data_mls/Intron-Multimodal-Benchmarking/data/,True,Ndixhalabile ngesimo somyeni wam kwaye unochuku ndikwaphelelwa nalithemba loba uzakuphola.Alikho iyeza elinokuncedana ukuthomalalisa ngokukhawuleza esisigulo?,"Ndikhalabile ngesimo somyeni wami kwaye unochuku, ndikwaphelelwa nalithemba loba uzakuphola. Alikho iyeza elinokunceda ukuthomalalisa ngokukhawuleza esisigulo?"
/mnt/multilingual_data/audio/Intron-Multimodal-Benchmarking/data/audio/intron/xhosa/547be21955ef861870c4a4b74a57f67d_D2omyjMk.wav,10.55500030517578,"Ngiyathemba uzofaka izithombe ezifanayo ku webisathi, ngizokwazo ukukunceda kahle,ngiyathemba impendulo yami iyakunceda",xhosa,intron-MT,/home/azureuser/gabby_data_mls/Intron-Multimodal-Benchmarking/data/,True,"Ngiyathemba uzofaka izithombe ezifanayo ku webisathi, ngizokwazo ukukunceda kahle,ngiyathemba impendulo yami iyakunceda",Ngiyathemba uzofaka izithombe ezifanayo ku-website ngizokwazi ukukunceda kahle ngiyathemba impendulo yami iyakukunceda.
/mnt/multilingual_data/audio/Intron-Multimodal-Benchmarking/data/audio/intron/xhosa/6fd79118ec6b74f6de3648a8b66ea8e8_4iakuEyR.wav,12.621000289916992,"Kulaa ndawo ndandike ndive kuyo iintlungu ezibukhali. Ngoku yintlungu evuthayo, ngamanye amaxesha  kwaye ii-fltters ziqalile. ",xhosa,intron-MT,/home/azureuser/gabby_data_mls/Intron-Multimodal-Benchmarking/data/,True,"Kulaa ndawo ndandike ndive kuyo iintlungu ezibukhali. Ngoku yintlungu evuthayo, ngamanye amaxesha  kwaye ii-fltters ziqalile. ",Mhla ndawonandake ndive kuyo intlungu ezibukhali. Ngoku yintlungu evuthayo. Ngamanye amaxesha kwaye i-filters ziqalile.
/mnt/multilingual_data/audio/Intron-Multimodal-Benchmarking/data/audio/intron/xhosa/ec72daf4c0b97be4d7c37cc16c3e0f18_OK4FWZCt.wav,2.9230000972747803,Asazi ukuba bangaphi abantu abaswelekileyo.,xhosa,intron-MT,/home/azureuser/gabby_data_mls/Intron-Multimodal-Benchmarking/data/,True,Asazi ukuba bangaphi abantu abaswelekileyo.,Asazi ukuba bangaphi abantu abasolokeleyo.
/mnt/multilingual_data/audio/Intron-Multimodal-Benchmarking/data/audio/intron/xhosa/c0fc1f65537018cfe94f910c0b5d82e8_tatJdBXq.wav,6.708000183105469,Ixesha lakho sele liphelile kwaye ingcwaba lakho lilungile.,xhosa,intron-MT,/home/azureuser/gabby_data_mls/Intron-Multimodal-Benchmarking/data/,True,Ixesha lakho sele liphelile kwaye ingcwaba lakho lilungile.,Ixesha lakho sel’liphelile kwaye ingcwaba lakho lilungile.
/mnt/multilingual_data/audio/Intron-Multimodal-Benchmarking/data/audio/intron/xhosa/55b505cc3b79ae259564018fc730c3ab_BMCSuolr.wav,5.396999835968018,"Ewe, ndiye ndahamba ndahlala esitulweni sam ndaza ndalala esitulweni.",xhosa,intron-MT,/home/azureuser/gabby_data_mls/Intron-Multimodal-Benchmarking/data/,True,"Ewe, ndiye ndahamba ndahlala esitulweni sam ndaza ndalala esitulweni.","Ewe, ndiye ndahamba ndahlala esitulweni sam, ndaza ndalala esitulweni."
/mnt/multilingual_data/audio/Intron-Multimodal-Benchmarking/data/audio/intron/xhosa/c6ab68f1fb4ea16b737a01901378bbdf_ziEBMH8G.wav,12.581000328063965,Molo. Kwiintsuku ezimbalwa ezidlulileyo ndibonisa iimpawu ze-UTI. Ndandikhe ndanawo ngaphambili ngoko ndiyazi ukuba uvakalelwa njani.,xhosa,intron-MT,/home/azureuser/gabby_data_mls/Intron-Multimodal-Benchmarking/data/,True,Molo. Kwiintsuku ezimbalwa ezidlulileyo ndibonisa iimpawu ze-UTI. Ndandikhe ndanawo ngaphambili ngoko ndiyazi ukuba uvakalelwa njani.,"Molo, kwiintsuku ezimbalwa ezidlulileyo ndibonise iimpawu ze-UTI. Ndandikhe ndanayo ngaphambili ngoko ndiyazi ukuba ivakala njani."
/mnt/multilingual_data/audio/Intron-Multimodal-Benchmarking/data/audio/intron/xhosa/c25cc7e2217159abaf7e3eb1b7c3e4c9_psAOnGlW.wav,13.428000450134276,Ndithathe enye/zimbini namhlanje owokuqala akabuyanga neziphumo owesibini ubenempazamo. Ndiyoyika ukuba ndingaphinda ndiphunyelwe sisisu. ,xhosa,intron-MT,/home/azureuser/gabby_data_mls/Intron-Multimodal-Benchmarking/data/,True,Ndithathe enye/zimbini namhlanje owokuqala akabuyanga neziphumo owesibini ubenempazamo. Ndiyoyika ukuba ndingaphinda ndiphunyelwe sisisu. ,Izinto ziye nzimbi namhlanje. Okwokuqala akubuyanga neziphumo. Owesibini ubenempazamo. Ndoyika ukuba ndingaphinda ndiphunyelwe sisulu.
/mnt/multilingual_data/audio/Intron-Multimodal-Benchmarking/data/audio/intron/xhosa/08e7e40cb92bbcff6d6a16e024c3495a_7xQLqxxn.wav,8.140999794006348,Ndibuhlungu kwaye andinalwazi lokuba kutheni ndiziva njalo. Umhlobo wam uthe makhe ndiyohlamba nge soda yokubhaka. ,xhosa,intron-MT,/home/azureuser/gabby_data_mls/Intron-Multimodal-Benchmarking/data/,True,Ndibuhlungu kwaye andinalwazi lokuba kutheni ndiziva njalo. Umhlobo wam uthe makhe ndiyohlamba nge soda yokubhaka. ,Ndibuhlungu kwaye andinalwazi lokuba kutheni ndiziva njalo. Umhlobo wam uthe makhe ndihlambe ngesoda yokubaka.
/mnt/multilingual_data/audio/Intron-Multimodal-Benchmarking/data/audio/intron/xhosa/bd204c3cba53cf05afd8be2a6ec59449_o4Cdk8R8.wav,9.506999969482422,"Ikufutshane nomqala wethambo lekhola kwaye ndiva into efanayo kwelinye icala. Ijikeleza kakhulu kwaye ayivakali inzima kakhulu.
",xhosa,intron-MT,/home/azureuser/gabby_data_mls/Intron-Multimodal-Benchmarking/data/,True,"Ikufutshane nomqala wethambo lekhola kwaye ndiva into efanayo kwelinye icala. Ijikeleza kakhulu kwaye ayivakali inzima kakhulu.
","Ikofu, utshani, namnqala wethambo le-collar, wayenento efanayo kwelinye icala. Ejikeleza kakhulu kwaye evakala inzima kakhulu."
/mnt/multilingual_data/audio/Intron-Multimodal-Benchmarking/data/audio/intron/xhosa/6e1be111f405762eb1a2023627c81bf0_rxXvwtcw.wav,12.678999900817873,Icaphukisa ngaphezu kwayo nantoni na. Ingathi ibeliqubuliso  lwento engazange yenzeke. Sekudlule malunga nentsuku ezilishumi ukusukela oko yaqalayo.,xhosa,intron-MT,/home/azureuser/gabby_data_mls/Intron-Multimodal-Benchmarking/data/,True,Icaphukisa ngaphezu kwayo nantoni na. Ingathi ibeliqubuliso  lwento engazange yenzeke. Sekudlule malunga nentsuku ezilishumi ukusukela oko yaqalayo.,"Icaphukisanga phezu kwayo nantoni na, ingathi beliqhutywa silwanto engazange yenzeke. Sekudlule malunga neentsuku ezilishumi ukusukela okwaba qala."
/mnt/multilingual_data/audio/Intron-Multimodal-Benchmarking/data/audio/intron/xhosa/5889d7a51244cb1b3ac7994021d6ab9d_3SKoK2l7.wav,17.885000228881836,Mnumzana  bendiphethwe  sesisifo  kwaye bendisebenzisa inaxito kangangeminyaka emibini. Bendingasayisebenzisi kangangenyanga ezintandathu ngokomyalelo kagqirha.  Kodwa ngoku ndinengxaki  eyenzekayo efanayo.,xhosa,intron-MT,/home/azureuser/gabby_data_mls/Intron-Multimodal-Benchmarking/data/,True,Mnumzana  bendiphethwe  sesisifo  kwaye bendisebenzisa inaxito kangangeminyaka emibini. Bendingasayisebenzisi kangangenyanga ezintandathu ngokomyalelo kagqirha.  Kodwa ngoku ndinengxaki  eyenzekayo efanayo.,"Mnumzana, bendiphethwe sesisifo kwaye bendisebenzisa i-Inaxito kangangeminyaka emibini. Bendingasayisebenzisi kangangenyanga ezintandathu ngokomyalelo kagqirha, kodwa ngoku ndineempawu ezingathi ziyafana."
/mnt/multilingual_data/audio/Intron-Multimodal-Benchmarking/data/audio/intron/xhosa/1acdf0feea4c752a14ab6c4fd2df6728_8WkUnWMz.wav,8.442999839782715,"Ngoko malunga nokukhohlela ngoku, uyaqaphela ukuba ubila kakhulu ebusuku?",xhosa,intron-MT,/home/azureuser/gabby_data_mls/Intron-Multimodal-Benchmarking/data/,True,"Ngoko malunga nokukhohlela ngoku, uyaqaphela ukuba ubila kakhulu ebusuku?",Ngoko malunga nokukhohlela ngoku. Uyaqaphela ukuba ubila kakhulu ebusuku?
/mnt/multilingual_data/audio/Intron-Multimodal-Benchmarking/data/audio/intron/xhosa/ea169f567915d01be554b2c6e11bcf39_n0I22XZO.wav,17.3439998626709,"Ndinokwaliwa ziimpumlo (kusuka kuthuli,uthuli oludala ,umsi kunye ne-pollen)bendihlala ndisithimla xa imozulu itshintsha kakhulu ekuseni xa ndivuka ndiye ndithimla kakhulu.",xhosa,intron-MT,/home/azureuser/gabby_data_mls/Intron-Multimodal-Benchmarking/data/,True,"Ndinokwaliwa ziimpumlo (kusuka kuthuli,uthuli oludala ,umsi kunye ne-pollen)bendihlala ndisithimla xa imozulu itshintsha kakhulu ekuseni xa ndivuka ndiye ndithimla kakhulu.","Ndinokwaliwa ziimpumlo (kusuka kuthuli, uthuli oludala, umsi kunye nepollen). Bendihlala nditshimla xa imozulu itshintsha, kakhulu ekuseni, xa ndivuka ndiye nditshimle kakhulu."
/mnt/multilingual_data/audio/Intron-Multimodal-Benchmarking/data/audio/intron/xhosa/8d2cb500dbdf2ad90e7421d1a73883df_Ihim9m1I.wav,17.684999465942383,"Enyanisweni, kuthi basetyhini, iintsuku ezininzi zinzima kwaye zibuhlungu kuba sisahlala kwimeko apho, ngandlela-thile, zonke iintlobo zobundlobongela nxamnye nathi zihlala xolelwa.",xhosa,intron-MT,/home/azureuser/gabby_data_mls/Intron-Multimodal-Benchmarking/data/,True,"Enyanisweni, kuthi basetyhini, iintsuku ezininzi zinzima kwaye zibuhlungu kuba sisahlala kwimeko apho, ngandlela-thile, zonke iintlobo zobundlobongela nxamnye nathi zihlala xolelwa.",Enyanisweni kuthi basekithi iintsuku ezinintsi zinzima kwaye zibuhlungu kuba sihlala kwimeko apho ngendlela ethile zonke iintlobo zobundlobongela ngxamnye nathi zihlala ziqhelelwa.
/mnt/multilingual_data/audio/Intron-Multimodal-Benchmarking/data/audio/intron/xhosa/88a49af9e7e59b209f12523bdd2bcb8c_Qeo0Rslg.wav,22.711000442504883,"Ndinamachaphza abomvu kwilungu lobudoda, bendicinga ukuba yi-herpes kodwa ndabonisa ugqirha wathi umngundo wayo. Wacebisa i-Tepcef-200 (i-Cefixime)",xhosa,intron-MT,/home/azureuser/gabby_data_mls/Intron-Multimodal-Benchmarking/data/,True,"Ndinamachaphza abomvu kwilungu lobudoda, bendicinga ukuba yi-herpes kodwa ndabonisa ugqirha wathi umngundo wayo. Wacebisa i-Tepcef-200 (i-Cefixime)","Ndinamacaphaza abomvu kwilungu lam lobudoda. Bendicinga ukuba yi-herpes, kodwa ndaboniswa ugqirha wathi umngundo wayo. Wandibhalele i-Topcef slash 200 bracket cefixime. Isatshatsha ngaphakathi kwaye ishushu, ngolu ncedo andinalo, enye indlela ndingazicwangcisa ngazo?"
/mnt/multilingual_data/audio/Intron-Multimodal-Benchmarking/data/audio/intron/xhosa/62f779fcf1604d980cae1498bb433ad2_KfubQ2FU.wav,26.072999954223636,"Ugqirha wam wandinika ipilisi zasebusuku zokunyanga ingxaki i- Amtriplini, khange zibeluncedo, wandizama ngezentlungu i-Tramadol),kubeyingxaki ngakumbi, waze wandinika ipilisi zokuthomalalisa intlungu ezibizwa ngokuba yi-Oxycodone.  ebeyimilinganiselo emihlanu ngexeshana",xhosa,intron-MT,/home/azureuser/gabby_data_mls/Intron-Multimodal-Benchmarking/data/,True,"Ugqirha wam wandinika ipilisi zasebusuku zokunyanga ingxaki i- Amtriplini, khange zibeluncedo, wandizama ngezentlungu i-Tramadol),kubeyingxaki ngakumbi, waze wandinika ipilisi zokuthomalalisa intlungu ezibizwa ngokuba yi-Oxycodone.  ebeyimilinganiselo emihlanu ngexeshana","Ugqirha wam wandinika iipilisi zasebusuku zokunyanga ingxaki i-Amitriptyline. Khange zibe luncedo wandizama ngezentlungu i-Tramadol, ube yingxaki ngakumbi waza wandinika iipilisi zokuthomalalisa iintlungu ezibizwa ngokuba yi-Oxycodone ebe yimilinganiselo emihlanu ngexesha."
/mnt/multilingual_data/audio/Intron-Multimodal-Benchmarking/data/audio/intron/xhosa/7d3f5b761606564b99e118163be40a34_tpMyaMBZ.wav,25.952999114990234,"Ukubonisana ne-internist kuqala kunokuba linyathelo wlikhulu lovavanyo olufanelekileyo lwekliniki kunye nesicwangciso esifanelekileyo sokuxilonga kunye nokulawula. Enkosi nemibuliso engcono, Luchuo, MD. ",xhosa,intron-MT,/home/azureuser/gabby_data_mls/Intron-Multimodal-Benchmarking/data/,True,"Ukubonisana ne-internist kuqala kunokuba linyathelo wlikhulu lovavanyo olufanelekileyo lwekliniki kunye nesicwangciso esifanelekileyo sokuxilonga kunye nokulawula. Enkosi nemibuliso engcono, Luchuo, MD. ","Ukubonisana ne-intersex kuqala kunokuba linyathelo elikhulu lovavanyo olufanelekileyo lwekliniki kunye nesixhobo esifanelekileyo sokuxilonga kunye nokulawula. Enkosi kunye nemibuliso engcono, Lucuyo MD."
/mnt/multilingual_data/audio/Intron-Multimodal-Benchmarking/data/audio/intron/xhosa/52911b0b438dd4f7124eec7bd750ddd6_fyEmyde9.wav,3.50600004196167,Icala lasekunene lomzimba wam.,xhosa,intron-MT,/home/azureuser/gabby_data_mls/Intron-Multimodal-Benchmarking/data/,True,Icala lasekunene lomzimba wam.,Icala lasekunene lomzimba wam.
/mnt/multilingual_data/audio/Intron-Multimodal-Benchmarking/data/audio/intron/xhosa/2111cdfbd6ee1639861dbfef87f64aa9_p5Us08ZW.wav,11.755000114440918,Ikati yam yasekhayeni eneminyaka elishumi ubudala ibiphalaza inyongo kwezintsuku zimbini zidlulileyo. Phezolo iqale ukubhideka futhi ayikwazi ukuma okanye ukuhamba.,xhosa,intron-MT,/home/azureuser/gabby_data_mls/Intron-Multimodal-Benchmarking/data/,True,Ikati yam yasekhayeni eneminyaka elishumi ubudala ibiphalaza inyongo kwezintsuku zimbini zidlulileyo. Phezolo iqale ukubhideka futhi ayikwazi ukuma okanye ukuhamba.,Ikati yam emnyama yasekhaya iminyaka elishumi ubudala ibiphalaza inyongo kwezi ntsuku zimbini zidluleyo. Phezulu iqale ukubhideka futhi ayikwazi ukuma okanye ukuhamba.
/mnt/multilingual_data/audio/Intron-Multimodal-Benchmarking/data/audio/intron/xhosa/12ef14e314510fd44c41929887446c18_L1J9zupE.wav,14.553000450134276,"UNksz Dabiri-Erewa, owayeyilungu leNdlu yabaMeli, ngoku unguMncedisi oPhezulu kwiMicimbi yangaphandle kunye ne-Diaspora kuMongameli uBuhari.",xhosa,intron-MT,/home/azureuser/gabby_data_mls/Intron-Multimodal-Benchmarking/data/,True,"UNksz Dabiri-Erewa, owayeyilungu leNdlu yabaMeli, ngoku unguMncedisi oPhezulu kwiMicimbi yangaphandle kunye ne-Diaspora kuMongameli uBuhari.","Ungusazana Dabira Erewa, owayelilungu lendlu yabameli, ngoku ungumcedisi ophezulu kwimicimbi yangaphandle kunye ne-diaspora kumongameli uBuhari."
/mnt/multilingual_data/audio/Intron-Multimodal-Benchmarking/data/audio/intron/xhosa/f2b6dd7a1dd05fa92f3e686627a52708_afpZJB0F.wav,16.742000579833984,"Ndingazi nini ukuba ukudlalisa kwam kuhambe unaphakade? Kwaye kufanele ndinxibe isacholo sezonyango? Molo, enkosi ngokuthumela isikhalazo sakho. Ndiziphawulile iinkcukacha zakho zonyango.",xhosa,intron-MT,/home/azureuser/gabby_data_mls/Intron-Multimodal-Benchmarking/data/,True,"Ndingazi nini ukuba ukudlalisa kwam kuhambe unaphakade? Kwaye kufanele ndinxibe isacholo sezonyango? Molo, enkosi ngokuthumela isikhalazo sakho. Ndiziphawulile iinkcukacha zakho zonyango.","Ndingazini ukuba ukudlaliswa kwam kuhambe unaphakade kwaye kufanele ndinxibe isacholo sezonyango. Molo, enkosi ngokuthumela isikhalazo sakho. Ndiziphawulile iinkcukacha zononophelo lwakho."
/mnt/multilingual_data/audio/Intron-Multimodal-Benchmarking/data/audio/intron/xhosa/edf2e462cf3854e81ce4c51348c8dfe4_3TxycQnv.wav,11.00100040435791,"Qaphela imbali yakho yokukhutshwa kwamazinyo, ithumba lezinyo kunye neqhuma emhlathini. Oku mhlawumbi lithumba okanye udumbe okwesibini kwithumba.",xhosa,intron-MT,/home/azureuser/gabby_data_mls/Intron-Multimodal-Benchmarking/data/,True,"Qaphela imbali yakho yokukhutshwa kwamazinyo, ithumba lezinyo kunye neqhuma emhlathini. Oku mhlawumbi lithumba okanye udumbe okwesibini kwithumba.","Uqaphele imbali yakho yokukhutshwa kwamazinyo, ithumba lezinyo, okanye iqhuma emhlathini, okanye mhlawumbi ithumba, okanye udumbe okwesibini kwithumba."
/mnt/multilingual_data/audio/Intron-Multimodal-Benchmarking/data/audio/intron/xhosa/4ecdbb7f4da15cd9f1412ea8709b9d0d_keNOL8zd.wav,10.03600025177002,"Andikhe ndithathe iveki yokugqibela kuba zii-placebos nje, kwaye ndidla ngokuba sexesheni kwiintsuku ezintathu emva kokuba ndiyekile iipilisi ezisebenzayo.",xhosa,intron-MT,/home/azureuser/gabby_data_mls/Intron-Multimodal-Benchmarking/data/,True,"Andikhe ndithathe iveki yokugqibela kuba zii-placebos nje, kwaye ndidla ngokuba sexesheni kwiintsuku ezintathu emva kokuba ndiyekile iipilisi ezisebenzayo.",Andikanditya i-pili yokuqala kuba si-placebo nje kwaye ndihlangene nokuba sekuxeshini kuyintsuku ezintathu emva kokuba ndiyekile iipilisi ezisebenzayo.
/mnt/multilingual_data/audio/Intron-Multimodal-Benchmarking/data/audio/intron/xhosa/93885fecf802a84b26a05b2e9ac588be_naemMtrp.wav,15.456000328063965,Phakathi kokubambana kwalemisipha mibini yingxakana nje ezozikhulula ngokwayo osukwini okanye ezimbini. Kodwa ingxaki yediskhi idinga ukuthathelwa ingqalelo ngezinyango. ,xhosa,intron-MT,/home/azureuser/gabby_data_mls/Intron-Multimodal-Benchmarking/data/,True,Phakathi kokubambana kwalemisipha mibini yingxakana nje ezozikhulula ngokwayo osukwini okanye ezimbini. Kodwa ingxaki yediskhi idinga ukuthathelwa ingqalelo ngezinyango. ,Phakathi kokubambana kwale misipha emibini yingxakana nje ezozikhulula ngokwayo osukwini okanye ezimbini. Kodwa ingxaki yediski idinga ukuthathelwa ingqalelo ngezonyango.
/mnt/multilingual_data/audio/Intron-Multimodal-Benchmarking/data/audio/intron/xhosa/37511cbdece63d5832bb5f67fefb307b_5hCfJfac.wav,18.770999908447266,"Uthe uMlawuli Jikelele we-NIS, uMnu Muhammad Babandede ucebise ababuyayo ukuba baphephe ukulandela iindlela zehlathi ukunqanda amava okubandezeleka ezandleni zezaphuli-mthetho ngenzame yokulandela iindlela ezingabonakaliyo ezisemngciphekweni.",xhosa,intron-MT,/home/azureuser/gabby_data_mls/Intron-Multimodal-Benchmarking/data/,True,"Uthe uMlawuli Jikelele we-NIS, uMnu Muhammad Babandede ucebise ababuyayo ukuba baphephe ukulandela iindlela zehlathi ukunqanda amava okubandezeleka ezandleni zezaphuli-mthetho ngenzame yokulandela iindlela ezingabonakaliyo ezisemngciphekweni.","Uthe umlawuli-jikelele we-NIS, uMnu Hammed Babandede, ucebise ababuyayo ukuba baphephe ukulandela iindlela zehlathi ukunqanda amava okubandazeleka ezandleni zezaphuli-mthetho ngenzame yokulandela iindlela ezingabonakaliyo ezisemngciphekweni."
/mnt/multilingual_data/audio/Intron-Multimodal-Benchmarking/data/audio/intron/xhosa/96d36197cde2952aa56c1de3281c5ef0_6OUr5WrJ.wav,13.44499969482422,bacilli iyakwazi ukuphela ngokuyinyanga? Molo enkosi ngombuzo wakho. Ndiyayithanda inkxalabo yakho ngento ezishiyeka emva kokuba bune sifo sephepha. Nazi iimpendulo zombuzo wakho.,xhosa,intron-MT,/home/azureuser/gabby_data_mls/Intron-Multimodal-Benchmarking/data/,True,bacilli iyakwazi ukuphela ngokuyinyanga? Molo enkosi ngombuzo wakho. Ndiyayithanda inkxalabo yakho ngento ezishiyeka emva kokuba bune sifo sephepha. Nazi iimpendulo zombuzo wakho.,"Besiliya kwazo kuphela ngokuyinyanga. Molo nkosi, umbuzo wakho. Ndiyayithanda inxalabo yakho ngezinto ezishiyeka emva kokuba ubenesifo sephepha. Naza iimpendulo zombuzo wakho."
/mnt/multilingual_data/audio/Intron-Multimodal-Benchmarking/data/audio/intron/xhosa/b901055ea46d9daff550cb6ea562cc62_4SBJWH16.wav,6.250999927520752,Mholo. Ndikhe ndayokuzihlola kuqhirha ngezempilo ndafakwa matshini emlonyeni. Kusendinomkhuhlane,xhosa,intron-MT,/home/azureuser/gabby_data_mls/Intron-Multimodal-Benchmarking/data/,True,Mholo. Ndikhe ndayokuzihlola kuqhirha ngezempilo ndafakwa matshini emlonyeni. Kusendinomkhuhlane,"Molweni ke, ndithe ndizohlolwa kuqala, ndafak’ umatshini emlonyeni, kusithiwa mkhulu."
/mnt/multilingual_data/audio/Intron-Multimodal-Benchmarking/data/audio/intron/xhosa/06946be94759ed2690c4ad9bbc2a7376_cDdv2fag.wav,16.667999267578125,Ayika thomalali  nangeli phi na uhlobo kwaye ibuhlungu nyani. Ndike ndanazo nee mpawo zengqele. Ndiyazazi zona impawo zomqala obuhlungu zivakala njani Lena yona ayivakali tuu ingathi ngumqala obuhlungu.,xhosa,intron-MT,/home/azureuser/gabby_data_mls/Intron-Multimodal-Benchmarking/data/,True,Ayika thomalali  nangeli phi na uhlobo kwaye ibuhlungu nyani. Ndike ndanazo nee mpawo zengqele. Ndiyazazi zona impawo zomqala obuhlungu zivakala njani Lena yona ayivakali tuu ingathi ngumqala obuhlungu.,Hayi gqotyuma lalina ngeyiphi na uhlobo kwaye ibuhlungu nyani. Ndikhe ndanazo ke iimpawu zomqala obuhlungu. Ndiyazazi zona iimpawu zomqala obuhlungu zivakala njani. Lena yona ayivakali tu inantshi ngumqala obuhlungu.
/mnt/multilingual_data/audio/Intron-Multimodal-Benchmarking/data/audio/intron/xhosa/4751c66cbb995cc0ecb85baeb6121655_hTMQjLom.wav,14.529999732971191,Kufuneka uhlolwe ngokupheleleyo ukulawula i-Bronchiectasis kunye ne- Cystic fibrosis. Ewe. Karabiners syn ncokola Grirha. Indleko ziyaxhomekeka kwi kliniki nganye,xhosa,intron-MT,/home/azureuser/gabby_data_mls/Intron-Multimodal-Benchmarking/data/,True,Kufuneka uhlolwe ngokupheleleyo ukulawula i-Bronchiectasis kunye ne- Cystic fibrosis. Ewe. Karabiners syn ncokola Grirha. Indleko ziyaxhomekeka kwi kliniki nganye,"Kufuneka uhlolwe ngokupheleleyo ukulawula i-bronchiectasis kunye ne-cystic fibrosis. Ewe, i-Kartagener syndrome Dokotela Gxagxa. Indleko zixhomekeke kwikliniki nganye."
/mnt/multilingual_data/audio/Intron-Multimodal-Benchmarking/data/audio/intron/xhosa/d33280b06566f7262455eab03e0cea83_MKuWiR9M.wav,15.156999588012695,Umfanekiso wekhadibhodi we-CEO u-Irina Reyder kwiofisi yaseRashiya yaseBlaBlaCar. Iphepha likaFacebook lika-Irina Reyder,xhosa,intron-MT,/home/azureuser/gabby_data_mls/Intron-Multimodal-Benchmarking/data/,True,Umfanekiso wekhadibhodi we-CEO u-Irina Reyder kwiofisi yaseRashiya yaseBlaBlaCar. Iphepha likaFacebook lika-Irina Reyder,"Imfanekiso we-cardboard we-CEO u-Irene Reder kwi-ofisi yase-Russia yase-BlaBlaCar, iphepha lika-Facebook lika-Irene Reder."
/mnt/multilingual_data/audio/Intron-Multimodal-Benchmarking/data/audio/intron/xhosa/4c416d5cea8ebd7663e565e32646b70f_DWZnFDMb.wav,15.782999992370604,"Nditsalwe izinyo kwiiveki ezintathu ezidlulileyo kwaye kubonakala ngathi kulungile, ndibone ugqirha wamazinyo izolo ukuba athungwe.",xhosa,intron-MT,/home/azureuser/gabby_data_mls/Intron-Multimodal-Benchmarking/data/,True,"Nditsalwe izinyo kwiiveki ezintathu ezidlulileyo kwaye kubonakala ngathi kulungile, ndibone ugqirha wamazinyo izolo ukuba athungwe.",Ndisalwe izinyo kwiiveki ezintathu ezidlulileyo kwaye kubonakala ingathi kulungile. Ndibone ugqirha wamazinyo izolo ukuba athungwe.
/mnt/multilingual_data/audio/Intron-Multimodal-Benchmarking/data/audio/intron/xhosa/f9952a708327a59d67d0f7fd790ae554_HSi5Zlfk.wav,12.843000411987305,"iPFT ayizukufumanisa kuphela isifo sombefu, kodwa iya kukuxelela malunga nobuzaza besi sifo kwaye unyango lusekwe kubukhali kuphela.",xhosa,intron-MT,/home/azureuser/gabby_data_mls/Intron-Multimodal-Benchmarking/data/,True,"iPFT ayizukufumanisa kuphela isifo sombefu, kodwa iya kukuxelela malunga nobuzaza besi sifo kwaye unyango lusekwe kubukhali kuphela.","EPTF ayizukufumanisa kuphela isifo somhlaza, kodwa iyakukuxelela malunga nobuzaza besifo, kwaye unyango lusekwe kubukhali kuphela."
/mnt/multilingual_data/audio/Intron-Multimodal-Benchmarking/data/audio/intron/xhosa/d3685739da4ce78911bcf0281fa64fc0_53mAWYA3.wav,5.677999973297119,"Ewe, ndikunye, Gqirha.",xhosa,intron-MT,/home/azureuser/gabby_data_mls/Intron-Multimodal-Benchmarking/data/,True,"Ewe, ndikunye, Gqirha.","Ewe, ndikhona, gqiha."
/mnt/multilingual_data/audio/Intron-Multimodal-Benchmarking/data/audio/intron/xhosa/be03b571fab8079abe48a2593f6c0832_VwWF1IVU.wav,14.812999725341797,"Kodwa lantlungu ifanayo ibonakala imane ivela, nangona inochatha kakhulu ngoku exesheni ngexesha kakhulu kazi xa isisu sam siqumbile okanye amaxesha esidlo engafani. Unawo amacebiso?",xhosa,intron-MT,/home/azureuser/gabby_data_mls/Intron-Multimodal-Benchmarking/data/,True,"Kodwa lantlungu ifanayo ibonakala imane ivela, nangona inochatha kakhulu ngoku exesheni ngexesha kakhulu kazi xa isisu sam siqumbile okanye amaxesha esidlo engafani. Unawo amacebiso?",Kodwa lentlungu ifanayo ibonakala ivela nankona inochatha kakhulu ngoku exesheni ngexesha kakhulukazi xa isisu sam siqumbile okanye amaxesha esidlo engafani. Unawo amacebiso?
/mnt/multilingual_data/audio/Intron-Multimodal-Benchmarking/data/audio/intron/xhosa/ae8fb9d28b40b3777a04d6f68159480c_rHwSQCVG.wav,14.5600004196167,"Molo intombi yam ineminyaka elishumi ubudala, isempilweni kwaye ikhuthele kakhulu, izolo umongikazi wesikolo undifowunele endazisa ukuba intombi yam iqaqanjelwa sisifuba.",xhosa,intron-MT,/home/azureuser/gabby_data_mls/Intron-Multimodal-Benchmarking/data/,True,"Molo intombi yam ineminyaka elishumi ubudala, isempilweni kwaye ikhuthele kakhulu, izolo umongikazi wesikolo undifowunele endazisa ukuba intombi yam iqaqanjelwa sisifuba.","Molo, intombi yam eneminyaka elishumi kudala isempilweni kwaye ikhuthale kakhulu. Izolo, umongikazi wesikolo undifonele andazisa ukuba intombi yam iqaqanjelwa sisifuba."
/mnt/multilingual_data/audio/Intron-Multimodal-Benchmarking/data/audio/intron/xhosa/523f553577b774639682a5c13360f495_igf9wh0S.wav,15.217000007629396,Kuthe izolo ndivuke ndivutha ngumlilo namhlanje worse kakhulu. Ndineendisholo entloko kwaye ubuso buphantsi ngolwimi lwam kunye nomzimba wonke. ,xhosa,intron-MT,/home/azureuser/gabby_data_mls/Intron-Multimodal-Benchmarking/data/,True,Kuthe izolo ndivuke ndivutha ngumlilo namhlanje worse kakhulu. Ndineendisholo entloko kwaye ubuso buphantsi ngolwimi lwam kunye nomzimba wonke. ,"Kuthe izolo ndivuke, ndivutha ngumlilo. Namhlanje i-worst kakhulu. Ndine ndisholo entloko kwaye ubuso buphantsi kolwimi lwam kunye nomzimba wonke."
/mnt/multilingual_data/audio/Intron-Multimodal-Benchmarking/data/audio/intron/xhosa/ee650b5ba035dfc9dadcbd0247b0dfd7_w4UH15Sy.wav,6.3420000076293945,Kodwa elokuqala linamaqhuma aqala ukuba mnyama. Yintoni endinayo kwaye ndingenza ntoni ngayo?,xhosa,intron-MT,/home/azureuser/gabby_data_mls/Intron-Multimodal-Benchmarking/data/,True,Kodwa elokuqala linamaqhuma aqala ukuba mnyama. Yintoni endinayo kwaye ndingenza ntoni ngayo?,Kwaye okokuqala lina maqhuqha okuqala ukuba mnyama. Yintoni endinayo kwaye ndingenza ntoni ngayo?
/mnt/multilingual_data/audio/Intron-Multimodal-Benchmarking/data/audio/intron/xhosa/9a590d2215e2a4b1ca4eac0ffba1065a_PmYU6E0c.wav,10.609000205993652,Kanye nento yokuba ndikhuphe xa ndikhohlela. Kwakhona ibele lam ibuhlungu nesisu sam siyarhawuzelelwa. Impumlo yam ilungile. ,xhosa,intron-MT,/home/azureuser/gabby_data_mls/Intron-Multimodal-Benchmarking/data/,True,Kanye nento yokuba ndikhuphe xa ndikhohlela. Kwakhona ibele lam ibuhlungu nesisu sam siyarhawuzelelwa. Impumlo yam ilungile. ,Kanye nento yokuba ndikhuphe xa ndikhohlela kwakhona ibele lam libuhlungu nesisu sam siyahazelela impumlo yam ilungile.
/mnt/multilingual_data/audio/Intron-Multimodal-Benchmarking/data/audio/intron/xhosa/4b6a2bd45f0b25d501c6e4e4b475f77d_lJIBs9kI.wav,18.69700050354004,"Eyona nto inokuba yimbangela yentlungu kwisisu emva kokumisa umqala kumntwana yi-gastroenteritis engakhange isombulule. Oku akuyi kulandwa kwi-CT scan.
",xhosa,intron-MT,/home/azureuser/gabby_data_mls/Intron-Multimodal-Benchmarking/data/,True,"Eyona nto inokuba yimbangela yentlungu kwisisu emva kokumisa umqala kumntwana yi-gastroenteritis engakhange isombulule. Oku akuyi kulandwa kwi-CT scan.
","Eyo nanto enokuba yimpangela yentlungu kwisisu emva kokumisa umqala kumntwana, i-gastroschisis engakange isombulule, oku akuyi kulandelwa kwisiteshi sethu."
/mnt/multilingual_data/audio/Intron-Multimodal-Benchmarking/data/audio/intron/xhosa/4ea268a3a8186e68e9752ca892ba9d82_0Kllvnna.wav,17.740999221801758,"Molo, umntana wam oneminyaka emine uhlutshwa kukukhohlela kakhulu kwakunye negqele. Oogqirha babuye neziphumo ezithi unosulelo emiphungeni, Ndimnike iipilisi zococa igazi kabini ngemini",xhosa,intron-MT,/home/azureuser/gabby_data_mls/Intron-Multimodal-Benchmarking/data/,True,"Molo, umntana wam oneminyaka emine uhlutshwa kukukhohlela kakhulu kwakunye negqele. Oogqirha babuye neziphumo ezithi unosulelo emiphungeni, Ndimnike iipilisi zococa igazi kabini ngemini",Mholo. Umntwanawam oneminyaka emine uhlutshwa kukukhwehlela kakhulu kwakunye nenqele. Ugqirha babuye neziphumo ezithi unosulelo emophungeni. Dimnikile iipilisi zokucoca igazi kabini ngemini.
/mnt/multilingual_data/audio/Intron-Multimodal-Benchmarking/data/audio/intron/xhosa/9d16f6f1294398503d84548d94608bc6_aqdsZtQ9.wav,8.592000007629395,UGqirha wosapho lwam uzama ukufumana ugqirha wamathambo. Sendikweloncama ngoba impilo yam inzima,xhosa,intron-MT,/home/azureuser/gabby_data_mls/Intron-Multimodal-Benchmarking/data/,True,UGqirha wosapho lwam uzama ukufumana ugqirha wamathambo. Sendikweloncama ngoba impilo yam inzima,Ugqirha wasepolyclinic yam uzama ukufumana ugqirha wamathambo. Sendikwelonqama ngokuba impilo yam inzima.
/mnt/multilingual_data/audio/Intron-Multimodal-Benchmarking/data/audio/intron/xhosa/c709f4bad9124ede4720c86c4f3a05d3_CZZGHt0W.wav,9.69499969482422,Akunyanzelekanga ukuba ndikuxelele ukuba intiyo kunye noloyiko zihlwayelwa kwi-Intanethi kwihlabathi liphela.,xhosa,intron-MT,/home/azureuser/gabby_data_mls/Intron-Multimodal-Benchmarking/data/,True,Akunyanzelekanga ukuba ndikuxelele ukuba intiyo kunye noloyiko zihlwayelwa kwi-Intanethi kwihlabathi liphela.,Akunyanzekanga ukuba ndikuxelele ukuba into yokunyeliswa noloyiko sihlwayelwa kwi-internet kwihlabathi liphela.
/mnt/multilingual_data/audio/Intron-Multimodal-Benchmarking/data/audio/intron/xhosa/7ff01caa461a0b61968bc42ce714bc51_72dTPUqK.wav,9.491000175476074,Ndingenza ntoni? Yimini yesibini lena kwaye isisu sam sibuhlungu kwaye ndiva iintlungu kwisisu esingezantsi. Ndingenza ntoni ndiyakucela?,xhosa,intron-MT,/home/azureuser/gabby_data_mls/Intron-Multimodal-Benchmarking/data/,True,Ndingenza ntoni? Yimini yesibini lena kwaye isisu sam sibuhlungu kwaye ndiva iintlungu kwisisu esingezantsi. Ndingenza ntoni ndiyakucela?,Ndingenza ntoni? Iminyaka esibini lena kwaye isisu sam sibuhlungu kwaye ndiva intlungu kwisisu esingaphantsi. Ndingenza ntoni ndiyakucela?
/mnt/multilingual_data/audio/Intron-Multimodal-Benchmarking/data/audio/intron/xhosa/40ee8503e48ffa778ddfb3d0b785d59d_Q902A7qk.wav,14.102999687194824,"Molo, ndineminyaka engama-28 kwaye ndihlala eGCC. Ingxaki yam kukuba inwele zam zizimvi zonke. Ndiye ndisebenzise idayi emnyama ukuzijika.",xhosa,intron-MT,/home/azureuser/gabby_data_mls/Intron-Multimodal-Benchmarking/data/,True,"Molo, ndineminyaka engama-28 kwaye ndihlala eGCC. Ingxaki yam kukuba inwele zam zizimvi zonke. Ndiye ndisebenzise idayi emnyama ukuzijika.","Molo, ndinemyaka engamashumi amabini anesine kwaye ndihlala eGCC. Ingxaki yam kukuba inwele zam zimhlophe zonke, ndiye ndisebenzise idye emnyama ukuzijika."
/mnt/multilingual_data/audio/Intron-Multimodal-Benchmarking/data/audio/intron/xhosa/6feea31bac4cecc41683de749d670bdc_aYWOJONo.wav,13.015000343322754,"Iqhelekile lento emva kokudlula kwi kidney stone? Enkosi. Mholo mhlobo, wamkelekile ku Chat Doctor. Intlungu yakho ikho oko okanye iyafika iphinde idlule njenge colic? ",xhosa,intron-MT,/home/azureuser/gabby_data_mls/Intron-Multimodal-Benchmarking/data/,True,"Iqhelekile lento emva kokudlula kwi kidney stone? Enkosi. Mholo mhlobo, wamkelekile ku Chat Doctor. Intlungu yakho ikho oko okanye iyafika iphinde idlule njenge colic? ","Itheni ke le lonto emva kokudlula kwe-kidney stone enkosi? Molo mhlobo, wamkelekile ku-Ted Doctor. Intlungu yakho ikho okanye iyafika iphinde idlule njenge-colic?"
/mnt/multilingual_data/audio/Intron-Multimodal-Benchmarking/data/audio/intron/xhosa/aeb4cb9f41d15c313e5ebfe0113e3e48_bVwGwHTU.wav,2.57699990272522,"Hayi, bendinethemba lokuba ndiza kuba ngcono",xhosa,intron-MT,/home/azureuser/gabby_data_mls/Intron-Multimodal-Benchmarking/data/,True,"Hayi, bendinethemba lokuba ndiza kuba ngcono","Hayi, bendinethemba lokuba ndizoba ngcono."
/mnt/multilingual_data/audio/Intron-Multimodal-Benchmarking/data/audio/intron/xhosa/bf44f49570716dcc1e7b9fe63dbfeeb4_WBv2uYGp.wav,18.19099998474121,izandla zakhe kwakhona uchuku kakhulu kwizinto ezishushu nezibandayo. Kutshanje uqalise ne-1.25 ye bisoprolol jengoko unentliziyo engaqhelekanga. ,xhosa,intron-MT,/home/azureuser/gabby_data_mls/Intron-Multimodal-Benchmarking/data/,True,izandla zakhe kwakhona uchuku kakhulu kwizinto ezishushu nezibandayo. Kutshanje uqalise ne-1.25 ye bisoprolol jengoko unentliziyo engaqhelekanga. ,Izandla zakhe kwakhona uvakalelo kakhulu kwizinto ezishushu nezibandayo. Kutshanje uqalise ne 1.25 ye Bisoprolol njengoku unenhliziyo engaqhelekanga.
/mnt/multilingual_data/audio/Intron-Multimodal-Benchmarking/data/audio/intron/xhosa/551097890c9bf51e59cb302b709041df_Qzvqzdz8.wav,16.19099998474121,"Isenokumenza akrokre uLabeke, azame ukuba ngokwemvelo kangangoko anako, anike uLabake imibuliso eqhelekileyo – kodwa intloko yakhe ijongise phezu kwemagazini ezenza ngathi uzimisele ngokupheleleyo.",xhosa,intron-MT,/home/azureuser/gabby_data_mls/Intron-Multimodal-Benchmarking/data/,True,"Isenokumenza akrokre uLabeke, azame ukuba ngokwemvelo kangangoko anako, anike uLabake imibuliso eqhelekileyo – kodwa intloko yakhe ijongise phezu kwemagazini ezenza ngathi uzimisele ngokupheleleyo.","Izinto okumenza uLabake azame ukuba ngokwemvelo kangangoko anako, anike uLabake imibuliso eqhelekileyo, kodwa intloko yakhe ijongise phezulu kumagazini ezenza ngathi uzimisele ngokupheleleyo."
/mnt/multilingual_data/audio/Intron-Multimodal-Benchmarking/data/audio/intron/xhosa/5b5f8318d347c6ae21149dcce7b34003_xsF3jSey.wav,10.378000259399414,Nokuba iakhawunti kaTwitter ka-Aliyev ibonakala njengento engaqhelekanga kunokuzama ukufikelela esidlangalaleni.,xhosa,intron-MT,/home/azureuser/gabby_data_mls/Intron-Multimodal-Benchmarking/data/,True,Nokuba iakhawunti kaTwitter ka-Aliyev ibonakala njengento engaqhelekanga kunokuzama ukufikelela esidlangalaleni.,Nokuba i-akhawunti kaTwitter ka-Aliv ibonakala njengento engaqhelekanga kunokuzama ukufikelela esihlangaleni.
/mnt/multilingual_data/audio/Intron-Multimodal-Benchmarking/data/audio/intron/xhosa/fb8a061af2743ffb762b699c3958bbc7_NBi0RnXr.wav,27.15699958801269," Ufumene amayeza amaninzi  (iCelebrex, isimvastatin, ibystolic, icitlopram, iprilosec, isynthyroid, kunye  neBayer ekumlinganiselo  wamashumi asibhozo ananye e-mgs), uye wafa icala amatyeli  amabini, okokuqala  ngo Tshazimpunzi okwesibini  ngeye Thupha. ",xhosa,intron-MT,/home/azureuser/gabby_data_mls/Intron-Multimodal-Benchmarking/data/,True," Ufumene amayeza amaninzi  (iCelebrex, isimvastatin, ibystolic, icitlopram, iprilosec, isynthyroid, kunye  neBayer ekumlinganiselo  wamashumi asibhozo ananye e-mgs), uye wafa icala amatyeli  amabini, okokuqala  ngo Tshazimpunzi okwesibini  ngeye Thupha. ","Ufumene amayeza amaninzi iCelebrex, iSimvastatin, iBystolic, iCitalopram, iPrilosec, iSynthroid kunye neBayer ekumlinganiselo wamashumi asibhozo ananye emiligram. Uye wafaka icala amacephe amabini okokuqala ngoChaz impunzi okwesibini nge-ethu."
/mnt/multilingual_data/audio/Intron-Multimodal-Benchmarking/data/audio/intron/xhosa/cd5cafa7ecff4aa81731ac1b77c9d684_W83oD8kD.wav,22.933000564575195,Ndizama ukutya rhoqo kwiiyure ezimbini kude kufike ixesha lekhefu kungenjalo iimpawu ziyenzeka.kodwa ngamanye amaxesha lonto ayenzi mahluko.Ndingumfazi oneminyaka eyi 65 ubudala.ndipha ku15 kgs ukutyeba ngogqithisa.,xhosa,intron-MT,/home/azureuser/gabby_data_mls/Intron-Multimodal-Benchmarking/data/,True,Ndizama ukutya rhoqo kwiiyure ezimbini kude kufike ixesha lekhefu kungenjalo iimpawu ziyenzeka.kodwa ngamanye amaxesha lonto ayenzi mahluko.Ndingumfazi oneminyaka eyi 65 ubudala.ndipha ku15 kgs ukutyeba ngogqithisa.,Ndizama ukutya rhoqo kwiiyure ezimbini kude kufike ixesha lekhefu. Kungenjalo iimbavu ziyenzeka. Kodwa ngamanye amaxesha loo nto ayenzi mahluko. Ndingumfazi oneminyaka eyi-65 ubudala. Ndipha ku-15kg ukutyeba ngokugqithisileyo.
/mnt/multilingual_data/audio/Intron-Multimodal-Benchmarking/data/audio/intron/xhosa/a1110e2d4f00315e72230a59d0381e7c_hpFf8N1P.wav,15.39900016784668,"Ukukhohlela akomanga kunokubanda okuncinci akanamkhuhlane, uneenyanyanga ezilishumi nesibhozo. I-ambroxol izonced? Noba yintoni unobangela?",xhosa,intron-MT,/home/azureuser/gabby_data_mls/Intron-Multimodal-Benchmarking/data/,True,"Ukukhohlela akomanga kunokubanda okuncinci akanamkhuhlane, uneenyanyanga ezilishumi nesibhozo. I-ambroxol izonced? Noba yintoni unobangela?","Ukukhohlela akomanga, kunokubanda okuncinci, akanamkhulane, unenyanga ezilishumi nesibhozo. I-Ambroxol izonceda noba yintoni unobangele."
/mnt/multilingual_data/audio/Intron-Multimodal-Benchmarking/data/audio/intron/xhosa/e129639a660a6523cee923c4587867ff_TL5nPz70.wav,12.02299976348877,Ukuba kuyenzeka xa kuzokuhlwa menze athathe ibhafu efudumeleyo engancediyo qho. Ngamanye amaxesha mnike ahlafune i thayilenol  ebonakala ngathi ayincedi kakhulu.,xhosa,intron-MT,/home/azureuser/gabby_data_mls/Intron-Multimodal-Benchmarking/data/,True,Ukuba kuyenzeka xa kuzokuhlwa menze athathe ibhafu efudumeleyo engancediyo qho. Ngamanye amaxesha mnike ahlafune i thayilenol  ebonakala ngathi ayincedi kakhulu.,Okuba kwenzeka xa kuzokuhlwa mze athathe ibhafu efudumeleyo engancediyo qho. Ngamanye amaxesha amnike ahlafune itayilenoli ebonakala ngathi ayincedi kakhulu.
/mnt/multilingual_data/audio/Intron-Multimodal-Benchmarking/data/audio/intron/xhosa/8d6865ed58bd7df28bcc72ac0a1aab79_Qnr0FvUN.wav,9.180999755859377,Owu Kulungile enkosi. Kwaye ukhe waziva ngathi uza kuphulukana nengqondo ngokungathi uza kuphelelwa ngamandla okanye uwe nangaliphi na ixesha?,xhosa,intron-MT,/home/azureuser/gabby_data_mls/Intron-Multimodal-Benchmarking/data/,True,Owu Kulungile enkosi. Kwaye ukhe waziva ngathi uza kuphulukana nengqondo ngokungathi uza kuphelelwa ngamandla okanye uwe nangaliphi na ixesha?,"Oh, kulungile nkosi. Kwaye ukhe waziva ngathi uzakubulokana nengqondo? Ngokungathi uzakuphelwa ngamandla okanye uwe nangaliphi na ixesha?"
/mnt/multilingual_data/audio/Intron-Multimodal-Benchmarking/data/audio/intron/xhosa/55f6dc78f6676370ee21909cf058244d_DnTDD0qy.wav,12.63700008392334,Apha  unokujonga intlama ukuba iyanda ngobukhulu kwaye ukuba ibuhlungu ke kufuneka undwendwele ugqhira ukuze uxilongwe kakuhle kunye novavanyo.,xhosa,intron-MT,/home/azureuser/gabby_data_mls/Intron-Multimodal-Benchmarking/data/,True,Apha  unokujonga intlama ukuba iyanda ngobukhulu kwaye ukuba ibuhlungu ke kufuneka undwendwele ugqhira ukuze uxilongwe kakuhle kunye novavanyo.,Apho unokujonga intlamba ukuba iyanda ngokukhula kwaye ukuba ibuhlungu ngekufuneke udwendwele ugqirha kuze uxilongwe kakuhle kunye novavanyo.
/mnt/multilingual_data/audio/Intron-Multimodal-Benchmarking/data/audio/intron/xhosa/0e66443b1d3394b81cf2f777ae721479_z40MPkKO.wav,21.63800048828125,"Ewe, ingathi iya isiba nzima, kodwa hayi ndiyakwazi ukuthetha ngcono ngoku. Kodwa xa loo nto yenzeka ngelo xesha. Kwaba nje…Ndandingakwazi ukuhambisa isandla sam, ndandingakwazi ukushukumisa umlenze wam. Ndivele ndahlala ndaweninye kwabe kuphuma amathe emlonyeni.",xhosa,intron-MT,/home/azureuser/gabby_data_mls/Intron-Multimodal-Benchmarking/data/,True,"Ewe, ingathi iya isiba nzima, kodwa hayi ndiyakwazi ukuthetha ngcono ngoku. Kodwa xa loo nto yenzeka ngelo xesha. Kwaba nje…Ndandingakwazi ukuhambisa isandla sam, ndandingakwazi ukushukumisa umlenze wam. Ndivele ndahlala ndaweninye kwabe kuphuma amathe emlonyeni.","Ewe ingathi iyasiba nzima kodwa hayi ndiyakwazi ukuthetha ngcono ngoku. Kodwa xa loo nto yenzeka ngelo xesha kwabanje. Ndandingakwazi ukuhambisa isandla sam, ndandingakwazi ukushukumisa umlenze wam. Ndivele ndahlala ndawonye kwabe kuphuma amathe emlomweni."
/mnt/multilingual_data/audio/Intron-Multimodal-Benchmarking/data/audio/intron/xhosa/f698b444d5e58ecfc8d821f3019ff411_A7N99itA.wav,5.583000183105469,Kulungile Sithini kanye kanye isikhalazo?,xhosa,intron-MT,/home/azureuser/gabby_data_mls/Intron-Multimodal-Benchmarking/data/,True,Kulungile Sithini kanye kanye isikhalazo?,"Kulungile, sitheni kanyekanye isikhalazo?"
/mnt/multilingual_data/audio/Intron-Multimodal-Benchmarking/data/audio/intron/xhosa/da3edf1d151326e129268bf6fdbfe517_VK00ejBT.wav,16.018999099731445,"Ngaphandle kokuba abantwana banganikeli ngokwaneleyo umchamo, babe nobuthathaka, balale kakhulu, banegazi kwilindle, okanye ukuhlanza kwebhilisi eluluhlaza, akufuneki ukhathazeke. Ndiyathemba ukuba impendulo yam ikuncedile.",xhosa,intron-MT,/home/azureuser/gabby_data_mls/Intron-Multimodal-Benchmarking/data/,True,"Ngaphandle kokuba abantwana banganikeli ngokwaneleyo umchamo, babe nobuthathaka, balale kakhulu, banegazi kwilindle, okanye ukuhlanza kwebhilisi eluluhlaza, akufuneki ukhathazeke. Ndiyathemba ukuba impendulo yam ikuncedile.","Ngaphandle kokuba abantwana banganikwa okwaneleyo ucwambu, babenobuthongo, balale kakhulu, anegazi elihle, okanye ukuhlanza kubhityise uhlaza, akufuneki ukhathazeke. Ngiyathemba ukuba uncedakele yimpendulo yam."
/mnt/multilingual_data/audio/Intron-Multimodal-Benchmarking/data/audio/intron/xhosa/04fda49aeaf2aa6bb9cf582110b29430_LTR5XmhG.wav,11.762999534606934,"Andinawo umngcipheko we blood clot (ubunzima obuqhelekileyo, akukho kulawulwa kokuzala kwe hormonal). Luthini uluvo lwakho? Ngaba ufuna ukuvavanya ngakumbi?",xhosa,intron-MT,/home/azureuser/gabby_data_mls/Intron-Multimodal-Benchmarking/data/,True,"Andinawo umngcipheko we blood clot (ubunzima obuqhelekileyo, akukho kulawulwa kokuzala kwe hormonal). Luthini uluvo lwakho? Ngaba ufuna ukuvavanya ngakumbi?","Andinampheko weblood clot, ubunzima obuqhelekileyo, akukho kulawulwa kokuzala kwe-hormonal. Luthini uluvo lwakho? Ingaba ufuna ukuvavanywa kumbi?"
/mnt/multilingual_data/audio/Intron-Multimodal-Benchmarking/data/audio/intron/xhosa/5c3994e062b49c6832024c10af7d7f28_QehB4qkS.wav,12.255000114440918,"Kwaye ukuba ayikukhathazi ke akukho mfuneko yokuba ukhawuleze. Ungayifumana ikhangelwe emva kwe veki ezinthandathu, ngexesha lokuhlolwa kwako konyaka. ",xhosa,intron-MT,/home/azureuser/gabby_data_mls/Intron-Multimodal-Benchmarking/data/,True,"Kwaye ukuba ayikukhathazi ke akukho mfuneko yokuba ukhawuleze. Ungayifumana ikhangelwe emva kwe veki ezinthandathu, ngexesha lokuhlolwa kwako konyaka. ",Kwaye ukuba ukhathazeke akukho mfuneko yokuba ukhawuleze ungayifumana ikhangelo emva kweviki ezintandathu ngexesha lokuhlolwa kwakho lonyaka.
/mnt/multilingual_data/audio/Intron-Multimodal-Benchmarking/data/audio/intron/xhosa/fe4983c4d86eb61d925af240274da9c8_EsagBV7A.wav,17.716999053955078,Zange ndabanangxaki zempilo tu. Bendicela ukuqonda ukuba yinto eqhelekileyo na le emntaneni noba hayi? Iyafuzwa ( ndingamxhalabela umntana wam oyintombazana)?,xhosa,intron-MT,/home/azureuser/gabby_data_mls/Intron-Multimodal-Benchmarking/data/,True,Zange ndabanangxaki zempilo tu. Bendicela ukuqonda ukuba yinto eqhelekileyo na le emntaneni noba hayi? Iyafuzwa ( ndingamxhalabela umntana wam oyintombazana)?,"Sangingandabanangxaki zempilo 2, bendicela ukuqonda ukuba yinto eqhelekileyo na le emntwaneni noba hayi? Question mark. Iyafuza open bracket ndingamxhalabela umntwana wam oyintombazana close bracket question mark."
/mnt/multilingual_data/audio/Intron-Multimodal-Benchmarking/data/audio/intron/xhosa/d28b3c2d150a3217c160ddd6a418f125_mTDlbrBN.wav,15.654000282287598,"Asilotyala lakho; awukayazi ukuba kukho enye indlela esa kunyango lokwe nyani. Une-asthma, i-allergies, ubuso obhukhukhumele iintlungu ze-sinus, intloko ebuhlungu,i-septum njalo njalo. ",xhosa,intron-MT,/home/azureuser/gabby_data_mls/Intron-Multimodal-Benchmarking/data/,True,"Asilotyala lakho; awukayazi ukuba kukho enye indlela esa kunyango lokwe nyani. Une-asthma, i-allergies, ubuso obhukhukhumele iintlungu ze-sinus, intloko ebuhlungu,i-septum njalo njalo. ","Hayi solo ijalalapho, awukayazi ukuba kukho enye indlela esaqonywa ngokwenyani. Une-asthma, ii-allergies, ubuso obukhukhumalayo, iintlungu ze-sinus, intloko ebuhlungu, isethe njalonjalo."
/mnt/multilingual_data/audio/Intron-Multimodal-Benchmarking/data/audio/intron/xhosa/a5bc55ca438b4c7645bba083d3dd301d_cVzKn2Tx.wav,18.9379997253418,"Kuluhlobo oluthile lwemvakalelo yokundindisholo, engatshoniyo kwaye iyabonakala kwicala lasekhohlo. Kwakhona, imvakalelo ngoku iquka icala lasekhohlo lemilebe yam. ",xhosa,intron-MT,/home/azureuser/gabby_data_mls/Intron-Multimodal-Benchmarking/data/,True,"Kuluhlobo oluthile lwemvakalelo yokundindisholo, engatshoniyo kwaye iyabonakala kwicala lasekhohlo. Kwakhona, imvakalelo ngoku iquka icala lasekhohlo lemilebe yam. ","Uvakalelo olutshileyo lwemvakalo yokundindisholo engatshoniyo kwaye iyabonakala kwicala lasekhohlo. Kwakhona, imvakalo ngoku iquka icala lasekhohlo limilebe yam."
/mnt/multilingual_data/audio/Intron-Multimodal-Benchmarking/data/audio/intron/xhosa/4c39fe32847e8d675bd08629cc65979f_jtAUlE0Z.wav,12.16800022125244,Sele  ethatha i- inhaler njengoko ichaphazela ukuphefumla ingaba ikhona into onokuyicebisa .Molo kwaye enkosi ngombuzo wakho ,xhosa,intron-MT,/home/azureuser/gabby_data_mls/Intron-Multimodal-Benchmarking/data/,True,Sele  ethatha i- inhaler njengoko ichaphazela ukuphefumla ingaba ikhona into onokuyicebisa .Molo kwaye enkosi ngombuzo wakho ,"Sele ethathe i-inhaler njengoko i-tightness yokuphefumla, ingaba ikhona into onokuyicebisa? Molo kwaye enkosi ngombuzo wakho."
/mnt/multilingual_data/audio/Intron-Multimodal-Benchmarking/data/audio/intron/xhosa/5eea6f52754886e266a705ee567b4d4e_VHKdtDqi.wav,12.005999565124512,"Xa ndisitya, isisu sam sidumba okungathi ndimithi kuphinde kuqaqambe. Ngamanye amaxesha isisu sam sibhitya kude kuvele imbambo ngaphandle",xhosa,intron-MT,/home/azureuser/gabby_data_mls/Intron-Multimodal-Benchmarking/data/,True,"Xa ndisitya, isisu sam sidumba okungathi ndimithi kuphinde kuqaqambe. Ngamanye amaxesha isisu sam sibhitya kude kuvele imbambo ngaphandle","Candiseke, isisu sam sidumba ungath’ ndizophinda kuqaqambe, ngamanye amaxesha isisu sam sibitshika kuvele imbambo ngaphandle."
/mnt/multilingual_data/audio/Intron-Multimodal-Benchmarking/data/audio/intron/xhosa/72e7d7053f7e8a33537a04f449f4e7b3_viyZD8JK.wav,8.725000381469727,Iintlungu kwisisu sakho esisezantsi.,xhosa,intron-MT,/home/azureuser/gabby_data_mls/Intron-Multimodal-Benchmarking/data/,True,Iintlungu kwisisu sakho esisezantsi.,"Ewe, inhlobo yesiXhosa sasezantsi."
/mnt/multilingual_data/audio/Intron-Multimodal-Benchmarking/data/audio/intron/xhosa/b18c98237b5ac3e61d43dd1db5837895_BXkfs8vv.wav,15.70699977874756,Ndinesifuba. Bendisebenzisa iForacort 400 kunyaka ophelileyo. Indigcine kakuhle  ngaphandle kokuthimla  kwakunye nokumfixana  ngamaxesha athile.,xhosa,intron-MT,/home/azureuser/gabby_data_mls/Intron-Multimodal-Benchmarking/data/,True,Ndinesifuba. Bendisebenzisa iForacort 400 kunyaka ophelileyo. Indigcine kakuhle  ngaphandle kokuthimla  kwakunye nokumfixana  ngamaxesha athile.,"Ndinesifuba, bendisebenzisa iForacort 400 unyaka ophelileyo. Indigcine kakuhle ngaphandle kokutimla kwakunye nokuvitshana ngamaxa athile."
/mnt/multilingual_data/audio/Intron-Multimodal-Benchmarking/data/audio/intron/xhosa/60d911c9d7b0389b33cc41eb8c878646_rzWfiKeI.wav,11.82699966430664,Eminyakeni emininzi futhi ngamanye amaxesha kodwa kunangoku ukuya phambili ndizama ukunqanda intsholongwane yengxowa. Ungenza isihloko sezilwa zakho ze HBS.,xhosa,intron-MT,/home/azureuser/gabby_data_mls/Intron-Multimodal-Benchmarking/data/,True,Eminyakeni emininzi futhi ngamanye amaxesha kodwa kunangoku ukuya phambili ndizama ukunqanda intsholongwane yengxowa. Ungenza isihloko sezilwa zakho ze HBS.,"Eminye eminingi futhi ngamanye amaxesha, kodwa kunangoku ukuya phambili ndizama ukunqanda intsholongwane yengxowa. Ungenza isihloko sezilwa zakho ze-HBS."
/mnt/multilingual_data/audio/Intron-Multimodal-Benchmarking/data/audio/intron/xhosa/e60c89963e504e81f2821930c93054f5_Cj38Vyp2.wav,7.015999794006348,Dalibanmu suna nufin su je su canza duniya.,xhosa,intron-MT,/home/azureuser/gabby_data_mls/Intron-Multimodal-Benchmarking/data/,True,Dalibanmu suna nufin su je su canza duniya.,Abafundi bethu badalelwe ukuhamba bayotshintsha ilizwe.
/mnt/multilingual_data/audio/Intron-Multimodal-Benchmarking/data/audio/intron/xhosa/24176299136e552f2d829a37714f10f6_AuyesQB5.wav,15.269000053405762,"Ugqirha wam undinike amayeza anamandla e antibiotic kunye nento yothambisa. Kodwa zijongeke ukuba ingathi azide ziphole. Enkosi. Molo Mntu, Wamkelekile ku Chat Doctor. Ukuqonda ingxaki yakho.",xhosa,intron-MT,/home/azureuser/gabby_data_mls/Intron-Multimodal-Benchmarking/data/,True,"Ugqirha wam undinike amayeza anamandla e antibiotic kunye nento yothambisa. Kodwa zijongeke ukuba ingathi azide ziphole. Enkosi. Molo Mntu, Wamkelekile ku Chat Doctor. Ukuqonda ingxaki yakho.","Ugqirha wandinika amayeza anamandla, i-antibiotic kunye nento yokuthambisa, kodwa zijongeka okokubana azide ziphole. Enkosi. Mholo, wamkelekile ku-Checkdoctor. Siyayiqonda ingxaki yakho."
/mnt/multilingual_data/audio/Intron-Multimodal-Benchmarking/data/audio/intron/xhosa/b81d388ab2043fe6500bcd83a5dc38d4_ot7wCDLL.wav,17.66900062561035,"Molweni,ndonzakele umlenze wam wasekhohlo kufutshane namaqatha-ubushushu bawo xa uwubamba, udumbe kakhulu, unendawo emnyama, kwaye ubabuhlungu kancinci xa uhamba.",xhosa,intron-MT,/home/azureuser/gabby_data_mls/Intron-Multimodal-Benchmarking/data/,True,"Molweni,ndonzakele umlenze wam wasekhohlo kufutshane namaqatha-ubushushu bawo xa uwubamba, udumbe kakhulu, unendawo emnyama, kwaye ubabuhlungu kancinci xa uhamba.","Molweni, ndonzakele umlenze wam wasekhohlo kufuphi namaqatha. Ubushushu bawo xa uwubamba udumbe kakhulu, unendawo emnyama kwaye ubabuhlungu kancinci xa uhamba."
/mnt/multilingual_data/audio/Intron-Multimodal-Benchmarking/data/audio/intron/xhosa/6e887d74a3c4da559c5764fb4f3ec5bf_1tY4pjpy.wav,10.501999855041504,Kangangeminyaka emibini bendiqhuma elibuhlungu ngaphakathi ezimpundu kwaye iinyanga ezimbalwa bendinalo kwilungu lobufazi lam.[,xhosa,intron-MT,/home/azureuser/gabby_data_mls/Intron-Multimodal-Benchmarking/data/,True,Kangangeminyaka emibini bendiqhuma elibuhlungu ngaphakathi ezimpundu kwaye iinyanga ezimbalwa bendinalo kwilungu lobufazi lam.[,Kwanganeminyaka emibini bendineqhuma elibuhlungu ngaphakathi ezimpondo kwaye iinyanga ezimbalwa bendinalo kwilungu lobufazi lam.
/mnt/multilingual_data/audio/Intron-Multimodal-Benchmarking/data/audio/intron/xhosa/9c2ad4b52fb4155debed14a7bb229400_GLHeU0jb.wav,13.467000007629396,"Kuleveki iphelileyo nakwezintsuku zintathu zidlulileyo ndifumene igazi kwincindi yobudoda bam. (Khange ndabelane ngesondo intsuku ezintathu) , ndilifumenw nanamhlanje.",xhosa,intron-MT,/home/azureuser/gabby_data_mls/Intron-Multimodal-Benchmarking/data/,True,"Kuleveki iphelileyo nakwezintsuku zintathu zidlulileyo ndifumene igazi kwincindi yobudoda bam. (Khange ndabelane ngesondo intsuku ezintathu) , ndilifumenw nanamhlanje.",Kule veki iphelileyo nakwezi ntsuku zintathu zidlulileyo ndifumene igazi kwinciyo budoda bam. Khange ndabelane ngesondo iintsuku ezintathu ndilifumene nanamhlanje.
/mnt/multilingual_data/audio/Intron-Multimodal-Benchmarking/data/audio/intron/xhosa/98fe6d8e37d781afb4417d5e91c2f4b8_MFdcfutr.wav,17.385000228881836,"Ngengoko ubunokugcinwa kwamanzi kunye ne marina,kufuneka uphephe ngcono iipilisi zokuhambelana. Kufuneka kwakhona ulawule amafutha,iikhalori,njalo,njalo. Ukunciphisa ubume bomzimba obukhoyo.",xhosa,intron-MT,/home/azureuser/gabby_data_mls/Intron-Multimodal-Benchmarking/data/,True,"Ngengoko ubunokugcinwa kwamanzi kunye ne marina,kufuneka uphephe ngcono iipilisi zokuhambelana. Kufuneka kwakhona ulawule amafutha,iikhalori,njalo,njalo. Ukunciphisa ubume bomzimba obukhoyo.","Njengoko bunokuqina kwamanzi kunye nemarina, kufuneka uphephe ngcono iipilisi zokuhambelana. Kufuneka kwakhona ulawule amafutha, ikhalori njalonjalo ukunciphisa ubunzima bomzimba obukhoyo."
/mnt/multilingual_data/audio/Intron-Multimodal-Benchmarking/data/audio/intron/xhosa/4a76ec8f0b7f9e3f85a886c8ded0ec0b_U6OFs92r.wav,4.01200008392334,Buninzi ubuxoki bomncedisi kamongameli.,xhosa,intron-MT,/home/azureuser/gabby_data_mls/Intron-Multimodal-Benchmarking/data/,True,Buninzi ubuxoki bomncedisi kamongameli.,"Moni ntsasa, ubutshoki bomncedisi kamongameli."
/mnt/multilingual_data/audio/Intron-Multimodal-Benchmarking/data/audio/intron/xhosa/d3c252b9df36dc06b89ed160f83c63f9_y32b6Keu.wav,17.049999237060547,Kufuneka ufumane i-ultrasound yemilenze yakho yomibini ebizwa ngokuba yiCompression Duplex ultraasound kwaye udibane nogqirha ngokukhawuleza. Ndiyathemba ukuba oku kuyanceda. Imibuliso. ,xhosa,intron-MT,/home/azureuser/gabby_data_mls/Intron-Multimodal-Benchmarking/data/,True,Kufuneka ufumane i-ultrasound yemilenze yakho yomibini ebizwa ngokuba yiCompression Duplex ultraasound kwaye udibane nogqirha ngokukhawuleza. Ndiyathemba ukuba oku kuyanceda. Imibuliso. ,Kufuneka ufumane i-ultrasound yemilenze yakho yomibini. Ibizwa ngokuba yi-compression duplex ultrasound waye udibana nogqirha ngokukhawuleza. Ndiyathemba ukuba oku kuyanceda. Imibuliso.
/mnt/multilingual_data/audio/Intron-Multimodal-Benchmarking/data/audio/intron/xhosa/6668f99f8d4d031b324a652384f1d482_AEsxnjuh.wav,16.000999450683594,"Ke andiqinisekanga ukuba kwenzeka ntoni. Ndingumntu onosuleleko lwegazi uhlobo lokuqala kwaye amanqanaba egazi lam alawulwa ikakhulu ngokuphakameka amaxesha ngamaxesha.

",xhosa,intron-MT,/home/azureuser/gabby_data_mls/Intron-Multimodal-Benchmarking/data/,True,"Ke andiqinisekanga ukuba kwenzeka ntoni. Ndingumntu onosuleleko lwegazi uhlobo lokuqala kwaye amanqanaba egazi lam alawulwa ikakhulu ngokuphakameka amaxesha ngamaxesha.

",He andiqinisekanga ukuba kwenzeka ntoni. Ndingumntu onosuleleko lwegazi uhlobo lokuqala. Kwaye amanqanaba egazi lam alawulwa ikakhulu ngokuphakameka amaxesha ngamaxesha.
/mnt/multilingual_data/audio/Intron-Multimodal-Benchmarking/data/audio/intron/xhosa/8e4463e9f28c1a385f3e49f2e5114027_XR8b0kVy.wav,11.994000434875488,"Lendawo ilapha emnweni wonyawo iye yaqiniseka ukubabuhlungu, ngokungathi ndiyagwazwa. Lento yenzeke kabini, eyokuqala yenzeke kwiinyanga ezintandathu ezidlulileyo nangoku. ",xhosa,intron-MT,/home/azureuser/gabby_data_mls/Intron-Multimodal-Benchmarking/data/,True,"Lendawo ilapha emnweni wonyawo iye yaqiniseka ukubabuhlungu, ngokungathi ndiyagwazwa. Lento yenzeke kabini, eyokuqala yenzeke kwiinyanga ezintandathu ezidlulileyo nangoku. ","Le ndawo elapha emntwini wonyawo iye yaqiniseka kuba buhlungu ngokungathi ndiyagwazwa. Le nto yenzeke kabini, eyokuqala yenzeke kwiinyanga ezintandathu ezidlulileyo, nangoku."
/mnt/multilingual_data/audio/Intron-Multimodal-Benchmarking/data/audio/intron/xhosa/a06194abe46329d36695c6661f59a2ee_kB8a0jrO.wav,12.781999588012695,Andingo gqirha kodwa bekungafanelanga ukuba une tissue ezoxhilongwa ukuze kubonakale kuba uhlutshwa yintoni? Ufuna ndenze njani?,xhosa,intron-MT,/home/azureuser/gabby_data_mls/Intron-Multimodal-Benchmarking/data/,True,Andingo gqirha kodwa bekungafanelanga ukuba une tissue ezoxhilongwa ukuze kubonakale kuba uhlutshwa yintoni? Ufuna ndenze njani?,"Ingqo-ngqo kakhulu, kodwa bekungafanelanga kuba unetissue esoculayo, kuzobonakala kuba utshutshwa yintoni, ufuna ndenze njani?"
/mnt/multilingual_data/audio/Intron-Multimodal-Benchmarking/data/audio/intron/xhosa/5bd39627e411762cf30d647544015d5a_dvNpxn6k.wav,17.631999969482422,"Akukho mfuneko yalo naluphi na unyango, njengoko okukutshintsha koxinzelelo lwegazi akuyongozi. Ke,Phumla nje kwaye ungakhathazeki ngayo. Ndiyathemba ukuba ndiwuphendule umbuzo wakho.",xhosa,intron-MT,/home/azureuser/gabby_data_mls/Intron-Multimodal-Benchmarking/data/,True,"Akukho mfuneko yalo naluphi na unyango, njengoko okukutshintsha koxinzelelo lwegazi akuyongozi. Ke,Phumla nje kwaye ungakhathazeki ngayo. Ndiyathemba ukuba ndiwuphendule umbuzo wakho.","Akukho mfuneko yalo naluphina unyango njengoko ukutshintsha kwengcinezelo yegazi akuyongozi. Ke, phumla nje kwaye ungakhathazeki ngayo. Ndiyathemba ukuba ndiwuphendule umbuzo wakho."
/mnt/multilingual_data/audio/Intron-Multimodal-Benchmarking/data/audio/intron/xhosa/6d07cdf4a211058f7e97333baca6b84a_MVxkT9T5.wav,11.996999740600586,"Ndisandula ukusuka eMinnesota ndaya e-Arizona. Ndinayo imbali yokudunjelwa liqatha kunye neentlungu ezivakala kakhulu elunyaweni lam.
",xhosa,intron-MT,/home/azureuser/gabby_data_mls/Intron-Multimodal-Benchmarking/data/,True,"Ndisandula ukusuka eMinnesota ndaya e-Arizona. Ndinayo imbali yokudunjelwa liqatha kunye neentlungu ezivakala kakhulu elunyaweni lam.
",Ndisandula ukusuka eMinnesota ndaya eArizona. Ndinayo imbali yokudunjelwa liqhatha kunye neentlungu ezivakala kakhulu elunyaweni lwam.
/mnt/multilingual_data/audio/Intron-Multimodal-Benchmarking/data/audio/intron/xhosa/c7eeacd5295b6eb20b3dd91a4af44866_ubBrO6e4.wav,4.781000137329102,"Hayi, nam andiyenzi loo nto. Hayi… Hayi. Enkosi, gqirha.",xhosa,intron-MT,/home/azureuser/gabby_data_mls/Intron-Multimodal-Benchmarking/data/,True,"Hayi, nam andiyenzi loo nto. Hayi… Hayi. Enkosi, gqirha.","Hayi, nam andiyenzi lonto. Hayi, hayi. Enkosi gqirha."
/mnt/multilingual_data/audio/Intron-Multimodal-Benchmarking/data/audio/intron/xhosa/798b718e6826f245759c71a6da437aca_9DdMWagt.wav,11.446000099182127,"Oogqirha abangenayo imida baseLayibheriya kuba iLayibheriya ayinayo ngokwenene inkqubo yezempilo esebenzayo, kwiminyaka elishumi elinanye kamva.",xhosa,intron-MT,/home/azureuser/gabby_data_mls/Intron-Multimodal-Benchmarking/data/,True,"Oogqirha abangenayo imida baseLayibheriya kuba iLayibheriya ayinayo ngokwenene inkqubo yezempilo esebenzayo, kwiminyaka elishumi elinanye kamva.",Okubandakanywa nayo imida yase-library kuba i-library ayinayo imiqathango yenkqubo yezomthetho esebenzayo iminyaka elishumi elinanye kamva.
/mnt/multilingual_data/audio/Intron-Multimodal-Benchmarking/data/audio/intron/xhosa/ec72c0d695a11847c6ab125999829a43_WXfmqIip.wav,7.485000133514404,#ArewaMeToo kunye neNorthNormal,xhosa,intron-MT,/home/azureuser/gabby_data_mls/Intron-Multimodal-Benchmarking/data/,True,#ArewaMeToo kunye neNorthNormal,#ArewaMeToo Kunye neNorth Normal
/mnt/multilingual_data/audio/Intron-Multimodal-Benchmarking/data/audio/intron/xhosa/c05fb30e94867000f093821eff1ce806_Qdkir83q.wav,15.64799976348877,Sisarhawuzelwa kodwa ndiyayazi izotharha iveki ezimbini ukususa izinambuzane emizimbeni yethu. Umbuzo wam kukuba kutheni kukho imikrwelo,xhosa,intron-MT,/home/azureuser/gabby_data_mls/Intron-Multimodal-Benchmarking/data/,True,Sisarhawuzelwa kodwa ndiyayazi izotharha iveki ezimbini ukususa izinambuzane emizimbeni yethu. Umbuzo wam kukuba kutheni kukho imikrwelo,Ewe sizakhawulelwa kodwa ndiyayazi izothatha iiveki ezimbini kususwa izinamfuzane emizimbeni yethu. Umbuzo wam kukuba kutheni kukhona imikwenzo?
/mnt/multilingual_data/audio/Intron-Multimodal-Benchmarking/data/audio/intron/xhosa/8b264580db8abc7491fd8bfef4e42875_s2aJRwK5.wav,10.18299961090088,U-Alamu ngumntwana wam kuphela - mhlawumbi awazi - kwaye akukho mntu unokumthabatha kum. Amandla akho aqhotyoshelwe ukususela ngoku ukuya phambili`.,xhosa,intron-MT,/home/azureuser/gabby_data_mls/Intron-Multimodal-Benchmarking/data/,True,U-Alamu ngumntwana wam kuphela - mhlawumbi awazi - kwaye akukho mntu unokumthabatha kum. Amandla akho aqhotyoshelwe ukususela ngoku ukuya phambili`.,UAlami ngumntwanam kuphela. Mhlawumbi awazi kwaye akukho mntu onokumthabatha kum. Amandla akho aqhotyoshelwe ukusukela ngoku ukuya phambili.
/mnt/multilingual_data/audio/Intron-Multimodal-Benchmarking/data/audio/intron/xhosa/0bda3af91ecc342e41daf9e22b00e503_437m6AM2.wav,20.093000411987305,"Ugqirha wosapho lwam ufake kugesi icala lam laphakathi waze wandixelela ukuba abafumani nto ingamandla.  Undixelele ukuba ndigoduke, ndisebenzise ipakethe yomkhenkce  ndiyisebenzise ne Advil. kudala ndikwenza oko.",xhosa,intron-MT,/home/azureuser/gabby_data_mls/Intron-Multimodal-Benchmarking/data/,True,"Ugqirha wosapho lwam ufake kugesi icala lam laphakathi waze wandixelela ukuba abafumani nto ingamandla.  Undixelele ukuba ndigoduke, ndisebenzise ipakethe yomkhenkce  ndiyisebenzise ne Advil. kudala ndikwenza oko.","Ugqirha oswaphe ufake kugesi icala lam laphakathi waza wandixelela kuba abafumani nto ingamandla. Undixelele kuba ndigoduke, ndisebenzise ipakethe yomkhence ndisebenzise ne-Advil. Kudala ndikwenza oko."
/mnt/multilingual_data/audio/Intron-Multimodal-Benchmarking/data/audio/intron/xhosa/072733be27d06cf9722b7d99b782d7f8_ehzH7UXf.wav,2.434000015258789,Kodwa akukho mntu umphulaphulileyo.,xhosa,intron-MT,/home/azureuser/gabby_data_mls/Intron-Multimodal-Benchmarking/data/,True,Kodwa akukho mntu umphulaphulileyo.,Kodwa akukho mntu umpulaphuleyo.
/mnt/multilingual_data/audio/Intron-Multimodal-Benchmarking/data/audio/intron/xhosa/41b919bb43af6442a710d40c6247d508_RhWrkMVy.wav,14.394000053405762,"Ndifumanisa kunzima kum ukuba nalonto, andizange ndakhe ndanengxaki yesikhumba ebomini bam. Ndifuna uncedo! Zikhona impendulo? ",xhosa,intron-MT,/home/azureuser/gabby_data_mls/Intron-Multimodal-Benchmarking/data/,True,"Ndifumanisa kunzima kum ukuba nalonto, andizange ndakhe ndanengxaki yesikhumba ebomini bam. Ndifuna uncedo! Zikhona impendulo? ","Ndifumanisa kunzima kum ukuba nalonto, andizange ndakhe ndanengxaki yesikhumba ebomini bam. Ndifuna uncedo, zikhona iimpendulo kwimibuzo emininzi malunga nemeko yesikhumba."
/mnt/multilingual_data/audio/Intron-Multimodal-Benchmarking/data/audio/intron/xhosa/07975b46a814a226d8a8a217852cf95d_OFzYWZPE.wav,17.704999923706055,"""Inkosikazi yam ayikwazi kakuhle uphakamisa ingalo zombini, ndiyabulela!"" Umyeni exabisa uncedo ngokunga zenzisiyo. Enkosi ngoku buza uGqirha wonxibelelwano uphezu ko mbuzo wakho.",xhosa,intron-MT,/home/azureuser/gabby_data_mls/Intron-Multimodal-Benchmarking/data/,True,"""Inkosikazi yam ayikwazi kakuhle uphakamisa ingalo zombini, ndiyabulela!"" Umyeni exabisa uncedo ngokunga zenzisiyo. Enkosi ngoku buza uGqirha wonxibelelwano uphezu ko mbuzo wakho.",Unkosikazi wam akakwazi ukuphakamisa iingalo zombini. Ndiyabulela umyeni exabisa uncedo kungenasizathu. Enkosi ngokubuza uGqhira Nxumalo phezulu kumbuzo wakho.
/mnt/multilingual_data/audio/Intron-Multimodal-Benchmarking/data/audio/intron/xhosa/306aadd0a5daac55616c1eb169bcdcae_VIgmA1R2.wav,15.131999969482422,Naziphi na iingcebiso? Mholo ! Mholo ngokuhlwa nje. NdinguGqirha wokuncokola ndiphendula umbuzo wakho. Ngembali yakho kubonakala ngathi une-hematoma (ukuqokelela igazi) emadolweni emva kokuwa,xhosa,intron-MT,/home/azureuser/gabby_data_mls/Intron-Multimodal-Benchmarking/data/,True,Naziphi na iingcebiso? Mholo ! Mholo ngokuhlwa nje. NdinguGqirha wokuncokola ndiphendula umbuzo wakho. Ngembali yakho kubonakala ngathi une-hematoma (ukuqokelela igazi) emadolweni emva kokuwa,"Ndizophinda ndikunike inkcazelo. Molo. Molo ngokuhlwa nje. Ndingugqirha uNxokola ndiphendula umbuzo wakho. Ngembal’ yakho kubonakala ngathi une hemarthroma, oku kukuqokelela igazi emadolweni emva kokuba."
/mnt/multilingual_data/audio/Intron-Multimodal-Benchmarking/data/audio/intron/xhosa/6026696a18e84f4ba1783e127d8dbff7_JpaBFoEC.wav,12.243000030517578,"Iqhuma lingphantsi kwesikhumba kwaye nakwi cala eli  ""pinky"" lesihlakala sam. Kuyoyikeka ukuthinta. Ndinoloyiko ngeziphumo.",xhosa,intron-MT,/home/azureuser/gabby_data_mls/Intron-Multimodal-Benchmarking/data/,True,"Iqhuma lingphantsi kwesikhumba kwaye nakwi cala eli  ""pinky"" lesihlakala sam. Kuyoyikeka ukuthinta. Ndinoloyiko ngeziphumo.",Iqhuma lingaphantsi kwesikhumba kwaye nakwicala elipinki lesihlakala sam. Kuyoyikeka ukuthinta ndinoloyiko ngeziphumo.
/mnt/multilingual_data/audio/Intron-Multimodal-Benchmarking/data/audio/intron/xhosa/52ae74080aee56ff6854eed5c9e65990_hvLvmA9Y.wav,6.546999931335449,"Igama lam ndinguSandra. Ndineminyaka ngama shumi amabini anesithandathu.
",xhosa,intron-MT,/home/azureuser/gabby_data_mls/Intron-Multimodal-Benchmarking/data/,True,"Igama lam ndinguSandra. Ndineminyaka ngama shumi amabini anesithandathu.
",Igama lam ndingu Zandi. Ndineminyaka engamashumi amabini anesibhozo.
/mnt/multilingual_data/audio/Intron-Multimodal-Benchmarking/data/audio/intron/xhosa/b2b70abc53b0fa1a09f445dd8b4b223c_g029Jl8c.wav,10.347000122070312,"kubonakala ingathi ngumchumo kodwa ndiyazi ukuba andinayo umchumo. Ngaphandle kokuba inokuphuhla nje ngaphandle kwendawo. Andizange ndibenerhashalala ngolu hlobo.
",xhosa,intron-MT,/home/azureuser/gabby_data_mls/Intron-Multimodal-Benchmarking/data/,True,"kubonakala ingathi ngumchumo kodwa ndiyazi ukuba andinayo umchumo. Ngaphandle kokuba inokuphuhla nje ngaphandle kwendawo. Andizange ndibenerhashalala ngolu hlobo.
",Ubonala ngathi ngumgcomo kodwa ndiyazi ukuba andinawo umgcomo ngaphandle kokuba nokupfuhlwa nje ngaphandle kwendawo. Andizange ndihlabelale olo hlobo.
/mnt/multilingual_data/audio/Intron-Multimodal-Benchmarking/data/audio/intron/xhosa/ada8cf155501dc784b6a1b1e73e19f3f_D4JFRf1J.wav,12.697999954223633,"Umyeni wesihlobo sam ukwikhaya labadala, uneminyaka engamashumi asixhenxe anesine abe egula kakhulu yiTBI,sele eneminyaka emibini.  Usanda kuqala ukugcina ukutya emlonyeni. ",xhosa,intron-MT,/home/azureuser/gabby_data_mls/Intron-Multimodal-Benchmarking/data/,True,"Umyeni wesihlobo sam ukwikhaya labadala, uneminyaka engamashumi asixhenxe anesine abe egula kakhulu yiTBI,sele eneminyaka emibini.  Usanda kuqala ukugcina ukutya emlonyeni. ","Umyeni wesihlobo sam okukhaya labadala, uneminyaka engamashumi asixhenxe anesine, abegula kakhulu i-TBI, seleneminyaka emibini. Usandokuqala ukugcina ukutya emlombeni."
/mnt/multilingual_data/audio/Intron-Multimodal-Benchmarking/data/audio/intron/xhosa/71a12cf0056940d0350deddcac78dc4c_2X71f9TC.wav,31.915000915527344,"ndingumhlobo wesifo seswekile se-2. Kutshanje u-dr umisele i-stamet 50/1000.1-0-1.am
kwakhona ndithatha i-pioz 7.5mg o-1-0. Ukuzila kwam b.sugar beyi-144.6& emva kwesidlo sasemini 184.9.&HbA1c beyi-8.8. Ndaqala ukuthatha i-Istamet Nov.16.",xhosa,intron-MT,/home/azureuser/gabby_data_mls/Intron-Multimodal-Benchmarking/data/,True,"ndingumhlobo wesifo seswekile se-2. Kutshanje u-dr umisele i-stamet 50/1000.1-0-1.am
kwakhona ndithatha i-pioz 7.5mg o-1-0. Ukuzila kwam b.sugar beyi-144.6& emva kwesidlo sasemini 184.9.&HbA1c beyi-8.8. Ndaqala ukuthatha i-Istamet Nov.16.","Njengomhlobo wesifo seswekile sethu, kutshanje u-Doctor umisele i-Stamet 50/1000 .1-0-1 AM. Kwakhona ndithatha iipilisi 7.5 mg 0-1-0. Ukuzila kwam B-sugar beyi-144.6. Emva kwesidlo sasemini 184.9 and HbA1c beyi 8.8. Ndaqala ukuthatha i-Stamet November 16."
/mnt/multilingual_data/audio/Intron-Multimodal-Benchmarking/data/audio/intron/xhosa/39fd53f402aef0a223085e7b63de34d0_mRMj8fL4.wav,12.32699966430664,"Kwamna khange ndikwazi nokuhlamba kwi shower yamanzi ashushu. Yenziwe leliyeza? Ndifuna ukuliyeka eliyeza, alikho elinye yeza elikhuselekileyo lesifo sesifuba. ",xhosa,intron-MT,/home/azureuser/gabby_data_mls/Intron-Multimodal-Benchmarking/data/,True,"Kwamna khange ndikwazi nokuhlamba kwi shower yamanzi ashushu. Yenziwe leliyeza? Ndifuna ukuliyeka eliyeza, alikho elinye yeza elikhuselekileyo lesifo sesifuba. ",Kwamanakana ndikwazi nokuhlamba kwishower yamanzi ashushu. Yenziwe laliyeza. Ndifuna ukuliyeka eliyeza. Alikho elinye iyeza elikhuselekileyo lesifo lesivuku.
/mnt/multilingual_data/audio/Intron-Multimodal-Benchmarking/data/audio/intron/xhosa/cd92d302babe40e66da37a1095066de1_aS6ohZQT.wav,15.49899959564209,"Njengokuba zininzi izizathu zeempawu ozibaluleyo ekufuneni njengo kwahluleka kwezintso, unciphiso lwemithambo enzulu, thrombophlebitis okanye ukungabikho kwemithambo.",xhosa,intron-MT,/home/azureuser/gabby_data_mls/Intron-Multimodal-Benchmarking/data/,True,"Njengokuba zininzi izizathu zeempawu ozibaluleyo ekufuneni njengo kwahluleka kwezintso, unciphiso lwemithambo enzulu, thrombophlebitis okanye ukungabikho kwemithambo.",Zingaba zininzi izizathu zempawu ozibonayo ekufumbeni njengokwahluleka kweentsontso unciphiso lwemithambo enzulu thrombophlebitis okanye ukungabikho kwemithambo.
/mnt/multilingual_data/audio/Intron-Multimodal-Benchmarking/data/audio/intron/xhosa/2975d1117361a14f55eb9b0afc0b1426_oafYMT2u.wav,12.178000450134276,Gqiba ibe ngamadangatye angamaqhakuva amanintsi endaweni enye emlenzeni wasekhohlo. Ugqirha wam uqale wacinga ndityiwe sisigcawu. ,xhosa,intron-MT,/home/azureuser/gabby_data_mls/Intron-Multimodal-Benchmarking/data/,True,Gqiba ibe ngamadangatye angamaqhakuva amanintsi endaweni enye emlenzeni wasekhohlo. Ugqirha wam uqale wacinga ndityiwe sisigcawu. ,"Kuba ibingamadangatye angamaqhakuva amaninzi endaweni enye emlenzeni wasekhohlo, ugqirha wam uqale wacinga ndityiwe sisicawa."
