audio_id,language,subset,question,reference,url,model_answer,requested_model,model_id
2d74e2ea-1975-49fe-a396-a2dbb606fc2b,fulfulde,fulfulde,waddi bingel amma duɓi je naya nyautarde hande nyau mali ɓingel on siro soja naya goɗɗo amma bo saun ngati maddi cugale on wuro ɓe hitti mora puti fu tare to bo saru ɗon ngati cugale on mi tari fu tare noni bo ɗuti mi waɗi dabo findiraɓe mo andi bo saro gonati ɓingel on jonbo saru ɗo. Ɓe meɗa hokkugo ɓosaru on je ɓe wi ɗum yaha yasi ɗum fija ɗum wartetan ɓe wi ɓe meɗa hokkugo bol saru ɗum ni kesum kanjum waɗi mi holi sei mi yaha waɗugo ɓingel on nyotode ngam to bo saru ɗon ngati cukare on no wawi no wodi nyobo saru ɗum ɓe heɓata ɓingel ko bo saru ngatiko ɗume wawan. bana nyausaru wawi nasta nder futere ko wawi wadugo bingel on sappunga bosaru on kodume mi waye wadugo gam to nyau nata futere on nanda he lekki ha hokka bingel on gam heba jamu ko dumai goddum mi wawi wadugo wala ko lekki mi wawi waɗan gof. to sare do ngati bingel on.,"Mi waddi bingel am mo dubi jenayi Nyaurdorde hanne ƴaloma. Mi lili bingel on siri sooda Naƴam goɗun amma bosaaru ngati mo. De ɓe waddi cukaley on wuro ɓe hecci am ko fayti , Mi raɓɓuti futtere to bosaaru ɗun ngati cukaley on,Mi tawi futtere non wujji bo ɓuuti.  Men waɗi ƴamde  dere keddiraɓe mo andi bosaaru nga ƴati bingel on. Joom bosaaru ɗun wi'i ɓe meeɗa hokkuko bosaaru on Njibinanɗe .Ɓe wi'i ɗun yaha yasi dun  fija ɗu warta tan. Ɓe wi'i ɓe meeɗa hokkuko bosaaru ɗun lekki sam. Kanjum waɗi  mi huli se mi yaawi wadduko bingel on Nyaurdorde, gan to bosaaru ɗun ngati cukaley on no wodi ƴau bosaaru . Ɗume  heɓɓata bingel ko bosaaru ngati bo?  Ɗume wawi heɓɓa  futtere wojju ɗun e ɓuutu ɗun? Nƴau bana ƴau bosaaru waawi nasta dere futere? Ko waawi waɗɗuko bingel on sabun ngati bosaaru on? Tii, ko ɗume mi waawi waɗɗuko ngan to nƴau nata futtere on? Ɗume Njibinanɗe e lekki haani hokka bingel on gan hebɓe Jam? Ko ɗume goɗɗum min waawi waɗɗuko wala ko lekki min waawi waɗɗanko futtere ɗen to bosaaru ɗun ngati ɓingel on?",http://speech-app.s3.amazonaws.com/static/audio/uploads/8db0feef-c321-4371-8d38-e4f3d4f501a7/8985d43f9d32e7892beb790a979d77d4_cPvu0RiL.wav,"Ɓinngel duuɓi 4 so ina waɗi tari/ɓosaru walla mura, ko feewi ngam o yahdu to asibiti ngam dokita ƴeewta mo—sabu o waawi wonde mura tan, asthma, pneumonia walla malaria.  
Hokku mo ndiyam/kunun no feewi, nyaamdu, e zuma seeɗa so o ɓurii hitaande 1 ngam tari; paracetamol tan so o waɗi jontinoore, e doosi ɗi dokita walla rubutu lekki wi’i.  
Hoto hokka antibiotic, cough syrup mawɗo, walla “lekki gida” tawa dokita ƴeewtaaki, sabu ɗum waawi bonnude.  
Yahdu gila jooni to asibiti so o ina haɓɓitii henndu, fuu-fuu ɓurti, ɓernde/daande na njippa, jontinoore mawnde, o haɗii yarude/nyaamude, o na tampi no feewi, walla tari ɗin ɓurii balɗe 2–3.  
Ɓosaru/tari waawi yaade nder futere/hendu ngam pneumonia, kono ƴeewtagol dokita tan hollata lekki mo haani.",GPT 5.5,gpt-5.5
ed72b813-04a2-482b-b3cb-305be48110dd,fulfulde,fulfulde,Debbo je joɗata ha sare amin o ɗo huwa ɗo waɗa kugal oɗo waɗa kugal mako boɗɗum bo o wala nyau yende fere wakkati o ɗo yiwa en mako ɗo mari hunde petel satinga hala. O laari o nanyi ɗum fahin fahin ɗo wakkati o dillai wakkati ɗo dilla o fuɗɗi nuɗɗi damuwa be mai sosai o fuddi on ha en. Nau amma babal mai ɗo safiti bo sare je mari ɗum ha endiije sali sati je sali o yidi o yahi larugo. Oki o yiɗi o anda ɗume on dasi ɗum de onta hala mai emdi jemma e ji mako mai on dasata hunde mai ha en debbo ko ɗume on je sati. Nda ha en ɗi nasa on debbo lora ta lara fahin ha en ɗi mai.,"Debbo je jodata ha sare amen, do huwa.
Do wada kuugal maako  boddum bo o wala yeiwu. Yende fera, waakati odo yiwa, o nane endi maako dou mari hunde petel satinga hader. O numi wala ko duma , o lori o nane dun fahen yende fera fahen do . Waakati do dellal, o fudi damugo be mai sosai, o fudi numugo dimai on ha endi maako. Wala nawa mo, amma balal mai do sati bo sali dellu go. O fudi num tugo labari je binkon robe je mari don ha endi mabe. Sati je sali,  o yeti larugo likita.  O kidi o anda dumi on dasi dum be dume on o wadata hala mai. Made jima: dumi on dasata hunde mai ha endi debbo? Koh dume o je satin ga  ha endi on na cancer? Dume on debbo lora ta lara fahim ha endi mai?",http://speech-app.s3.amazonaws.com/static/audio/uploads/98ee57f7-3ef6-4825-8dfe-2f825275efbc/367b6c1beeff153de6507f795d06a206_zWwfuLIk.wav,"Ko ɗum o waɗi ena wa’i no **nyawre hakkille**: yi’ugol walla nanugol huunde nde woni, kulol/damuwa, walla ɗum waawi wonde psychosis, epilepsy, malaria/fever, walla huunde goo e ɓandu.  
Ko ɓuri moƴƴude ko **on nawa mo ɗo likita/hospital jooni** ngam aawtagol: temperature, BP, sugar, malaria, pregnancy, drugs/substance, e ƴeewndo hakkille.  
To o fuɗɗii wonde o yiɗi waɗugol bonannde e hoore makko walla e yimɓe, walla o haɗii ɗaɓɓitde/nyaamde, **hoto woppitee mo tan—nawa mo emergency**.  
Hoto ɓe ɗaɓɓu mo, hoto ɓe fiya mo, hoto ɓe haɓɓa mo; ɓe waɗu mo jam, ɓe nyaamnu mo, ɓe ɗaɓɓu mo ɗoyngol.  
Larugo/traditional ɗum waawi wonde e al’ada, amma **hoto ɗum haɗa hospital**, sabu nyawre ɗum ena woodi lekki ngam wallaade mo.",GPT 5.5,gpt-5.5
61687dc7-de0c-42ca-be4a-fadcbcf06472,fulfulde,fulfulde,Debbo rediyo mo duɓi sappan me tati mo woodi redu leddi je ɗiɗi keddu e mako en galju mako ɗuɗɗi wodi yeso mako woya gauna ɗum wodi sembe mako sara’en mako bibbe sara en mako. Tawa daada ko ɓingel arande nyauto nyamde ɗiɗaɓre hani waɗugo ɓe lau ha debbo redujo on nyamrita tare ɗume hani pat o hefta nyau ɗum yamre nayare irin lekki kiya hani nyau dami o waɗata. ɗum daye hani o hutira.," Debbo reedujo mo dubi sappane tati e tati mo wodi reedu lebbi jeeɗiɗi keddu en makko ngaddimo Nyaurdorde amin. Ɓe wi'i  reedu mako no nawɗum tenduɗum, ƴiiyan ko ɗuɗi wurti le yeso mako. Ii 'o diwna ,I'o woya ngam nawɗun dun ɓurimo semɓe.  Saro en makko mbii be don kultori ta godɗun tawa Dada ko bingel ngel.

Ƴamnde arandere nde Nyautowo ƴami :  dume on wadi reedu naawurta non ha ma ƴiiƴam wurto e sembe?
Ƴamnde ɗi dabre: Dume haani waɗugo ɓelau ha debbo reedujo on?
Ƴamre tataure: Dume haani raɓɓu tugo hefta nyau dum?
Ƴamre Nayabre: Irin lekki kiye haani nyaudiramo?
Ƴamre Joyabre: ira Nyamdu nduye o woɗoto, nden bo ira ngendam dayeejam haani o hutira?
",http://speech-app.s3.amazonaws.com/static/audio/uploads/2a528297-991f-4766-aed9-740be2530bc6/654a64b274233d08e5dd443424b6f609_Il3mtpby.wav,"Ɗum ko alamaaji haɗari e reedu: ƴuɓɓude koyɗe/juuɗe/ yeeso, sembe ŋakki, walaa nyamde no feewi, maa woni BP ɗuuɗi (pre-eclampsia) walla ɗiɗiƴam ŋakki (anaemia).  
Haani o yahaa asibiti/ANC jooni-jooti ngam aawde BP, ndiyam jandu (protein), Hb, malaria, e ƴeewtere reedu; woto o huutoro lekki gidaaji walla ganyen gargajiya.  
O nyam nyamdu moƴƴu: tuwo/ruɓɓe, kossam, kifi/nyama/ƙwai, wake, ganye, ɓurdi; o yara ndiyam, o ɗuɓɓina lemun ɗanɗi/salt ɗuuɗi.  
O jokkondir iron-folate, malaria prevention (SP) e allurar tetanus ɗum ɗoctor/ANC hokki ɗum tan.  
So o heɓii hoore mettuɗo, yiitere ŋakki, nyiiɓe reedu metta, ƴiiƴam, ɓiɗɗo waɗataa motsude, walla konvulshon—ɗum ko gaggawa, yahaa asibiti sam-sam.",GPT 5.5,gpt-5.5
77dc6882-e75f-4291-866c-23fe43998cc9,fulfulde,fulfulde,Jam ɓandu likita waddi bingal amin larin no o fofata ɗon woni bana sautu hendu ɗo sala babal petel ni ɗon bo bana goɗɗo ɗon fufa hunde bo dake o fofata milliti bo balɗe tati jotta o ɗo ɗotta be jamma wakkati fere mi ɗo lara ɓe ɗo nasta sosai. Ɗo sosai bana sauto naftiri sembe mako seto o naftira sembe mako o hokkata mi lari bo o wala nyama banani to o nyamai fu sauto nyamai fu sau to o nangi pofɗe mako seto nangi fofɗe mako irin banni mai ɗon hokka tame oɗo kasa nyamugo boɗɗum balɗe tati. Mi arti mi yari mo kemis petel ha fattude amin be hokki mo lekki dojugo gam o dodda sedda sedda amma dojugo mai hallai amma pat lekkiji o yari wala ko nafi mofugo mako bannin kuma har jotta o wawata nyamugo boddum irin damuwa damata bingel am be fofugo mako do bana hendu do sala babal pitu ni o. To handini hotina heɓa famta ko damata mo be kwali ɓerde mako ɗo faɗa jippa ɗum irin nyaundi mi hokkata ɓingel ɗo ha sare hoinina mo heɓa o fofa boɗɗum ɗon irin lekkiji fere sibiti na ko hundeji tan fere mataki je hosata hado ɓingel ɗo.,"Jam bandu likita, useni mi waddi bingel am sibiti gam mi laari no o foofata, don woni bana sawtu hendu do saala babal petel ni, donbo bana goddo don fuufa hunde, be daker o foofata. Mi hirliti bo balde tati jotta odo dojja be jamma. Wakati fere mido lara berde mako do nasta sosai lugga, do fa’a do sosai bana saito naftiri sembe mako o foofata. Milaribo owala yaama banaane.
To o yammai fu saito onangi fofde mako. Irin bani mai don hokkatamo bone odo kasa yamugo boddum balle tati jotta. Mi arti mi yari mo chemist petel ha fattude amin, be hokkimo lekki dojjugo gam odo dojja sedda sedda, amma dojjugo mai hallai .
Amma pat lekkiji o yari wala ko nafimo.
Foofugo mako bannin ni, kuma harjotta o wawata yamugo boddum. Useni irin damuwa toidamata mingel am be foofugo mako do bana hendu do saala babel piitum?
Useni o haadini hooto na? Heba famta ko daamata mo be kwadi berde mako do fada jippa do?
Irin yaudigi toi mihokkata mingel do ha sare, hoininamo heba o foofa boddum?
Don irin lekkiji fere sibiti na ko hundeji tan fere mataaki je hosata hado bingel do?",http://speech-app.s3.amazonaws.com/static/audio/uploads/7fa02a5e-7fbf-4035-ac4a-a0a5ce774686/b7945435a27748ee067b05b2e7f2c418_yl5nntAN.wav,"Jam tan; ko ɗum ɗoo hollata **maande haɗari**: ɓiɗɗo fofata ɗooɓɗum, ɓernde ɗo jippa/ɗaɓɓa, hinaa nyaama no feewi, e ɗum ɓurii e jamma—ɗum waawi wonde **pneumonia, asma/bronchiolitis, walla ɗaɓɓugol koyɗum e henndu**.  
**Yahinee mo sibiti jooni-jooni** ngam a ƴeewnee fofugol, oxygen, e ngam o heɓa nebulization/lekki walla antibiotic so pneumonia woni; hoto mon ɗon fotaade ko syrups tan.  
To on woni ka suudu ko e laawol: joɗɗinee mo no o ɓurata, laɓɓinee nene mako ngam saline/ruwa gishiri kaɗan, hokkitee mo ndiyam walla nono ɗoɗɗum-seɗɗa, e paracetamol so o jogii nguleeki.  
Hoto hokkee mo lekki asma, antibiotic, steroid, walla cough syrup goɗɗo so likita woodaani, e hoto o wonu e hayre/taba.  
So cinndel mako yi’i, o waɗi blu, o waawaa yara, o dimbii, walla fofugol ɓurii—**ɗum ko gorko gorko, seɗɗa ɗon waɗa ɗum emergency**.",GPT 5.5,gpt-5.5
53a63cb8-b4bf-437e-81f1-de8e5d5fd0a2,fulfulde,fulfulde,Goɗɗo ɓe nodeta suberu duɓi mako sappan ɗe joyi nyande mum fere o fuddi nyouru arande bo yori ɗum nyadai amma de ɗum fabi asawai je sedda tan yarugo lebbi be hakkilo ɗum yahi ɗum hallobi sedda sai ɗum salda rimopde ɗum gonga on o habdi bauɗe ko o wawata inde ko nyauru ɗon satai amma. Pat manju ɗum wadai da ha nu o nyaɗita yonru de o hilliti dow o yaha o soda lekki dikka o yaha nyaudo o yawto o yokki nyaurde o hecci ɓe ɗo jalibi tati ko sali o lori fahin o hecci ɓe o hafti ko o wawata waɗugo bana ko himɓe shawari mo ko larani jumri ndiyam fowuɗam goro jum. Ɗo heɓe lekki ɗuɗi ka ko o suɗi da ha nuno o nyaɗita sei nyouru wari tullitti ɗum yottike wakkati fere fu mahe salda roɗi sei o nyami nyautawo on ko waɗi nyoru ɗum neɓuri bana ni salo yamɗetugo o yidi o anda ko waɗi dabare be leɗɗe ɗe o fuɗi fu nafi. oyam ɗume o wannata yoru ɗon yamɗita ɗo fu maru gam o heɓa o fufa no hani olollita jamu bandu makko.,"Goɗɗo ɓeno data Suberu, duɓi mako sappaɗe joyi, ƴande fere ofuuɗi ƴowru. Arande bo ,ƴowru ɗun ƴaaɗai amma  de ɗun faɓɓi asaweje seeɗa tan yarigo lebbi, be hakkiilo ni ɗun yehi ɗun Halloi. De neɓi seeɗa , se saldorimo bobɗe . Ɗun goĝa on o habdi bauɗe ko o wawata hinddeeko nyouru dun satayi amma ɗun pat manju ɗun waɗai. Da hanuno o ƴamɗita ,ƴowru tulliti. De O hilliti ,dou o yaha o soda lekki dikka o yaha  Nyaurdorde o yi'a Nyautowo. Nde o yokki  Nyaurdorde ,o yecci ɓe ,o ɗou ɗojja lebi tati ko saali.  O lori  fa hin ,o hecci ɓe o habdi ko wawata waɗuko bana ko hiɓɓe shawarimo ko larini jumri, diyan fowuɗan ,goroju-kaɗɗu,e ɓe lekki ɗuɗuki ko o soodi . Da hanuno ,O nyamɗinta se ŋyowru wari tulliti. Ɗun yottaki wakkati feere, fofugo ma e saldoramo ngam ŋyouru ɗum ƴaɗi . Se O ƴami Nyautowo on ,ko waɗi ƴowru ndum neɓir bana ni,sali yamɗutuko. O yinno o anda ko waɗi dabareji be leɗɗe ɗe o foodi fu ko nafayi .
Ragare mai ,on nƴami ɗume o wannata ƴowru dum ɗu nyamɗita dufuumaru ,ngam o heɓa o foofa no hani  o lorinita jamo bandu mako.",http://speech-app.s3.amazonaws.com/static/audio/uploads/6ff10d73-cf82-4a14-ad40-eeb16b48ee3c/1f9370eebab4290d473cde2592cac530_xvkrMpsV.wav,"Ɗum nyouru reedu ɗum walla naari ɗum ɓuri no hani ɓe ƴeewtina mo ka asibiti, sabu o waɗi nyouru ko arande, yoorugo/nyamataako mo, walla salde rimɗe—ɗum ena waawi wonde ulcer/gastritis, appendicitis, typhoid, walla tanƴere reedu.  
Hoto o jokkondir leɗɗe/goro walla lekki ɗi a soodi ɗoon tan, sabu ɗum ena waawi bonnude reedu, maksudum lewru, walla suɓude ɗum tampere mawnde.  
Ɓe waɗan mo ƴeewtere: jarrabu ndiyamƴiiƴam, stool/urine, malaria/typhoid so no haani, ultrasound, ngam anndude ko woni.  
So o woni e nyouru mawnde, naange bandu, yoorugo ɗuɗɗum, reedu tiiɗi, ƴiiƴam e stool/yoorugo, walla o salii rimde/windude—yahee emergency jooni.  
Hade o heɓa dokita, o nyamu nyamdu seɗɗa-seɗɗa, hoto ataayi, hoto pepper/acidic drinks/NSAIDs bana ibuprofen, o yar ndiyam laaɓɗam, amma lekki ɗum dokita tan no haani yamirde.",GPT 5.5,gpt-5.5
d7e753fc-1afe-4a4f-9aa5-38ed678f3bdb,fulfulde,fulfulde,Dada debbo je danyi neɓai wari sibiti o vi tun ɓingal mako dayi odo ta rufa iyam sosai kanjum wadi o wala sembe ha bandu mako denbo mo danyi mai dubi mako nogas e nai o vi bo rufugo iyam mai dudi masin danta bo wata mo o wala sembe dada mai kasi nyamugo be kuma kasi wadugo kodum. Yonde amjum ɗum waddata debbo ninga rufugo iyam ɗo ɓawo dayi balɗe seɗɗa sali ɗum nyaundiku toi ɓe hokkata dada mai je rufugo iyam mai darata denbo o lorna sembe mako shawara hokkata dada mai be ɓingel mako. ,"Dada debbo je dayi nebai wari sibiti . Ovi tun bingel mako dayi odota rufa eyam sosai.
Kanjum wadi owala sembe ha bandu mako.
Debbo mo dayi mai dubi mako nogas e ni. Ovi bo rufugo eyam mai duudi masin denta bo watamo owala sembe.
Daada mai kasi yamugo be kuma kasi wadugo kodume.
Demde am kanjum dumedon waddata debbo ninga rufugo eyam do bawo o dayi balde sedda sali do? 
Yaudiku toi be hokkata daada mai je rufugo eyam mai darata denbo olorna sembe mako? Shawara toi hokkata daada mai be bingel mako?",http://speech-app.s3.amazonaws.com/static/audio/uploads/798b5106-bad5-4d3a-85ea-4fd316e84906/abb29e2a2870abd763272e9bb1013f56_ff77scjd.wav,"Dada, rufugo ndiyam/amai no ɗuuɗi ɗo ɓawo jibingol e ñawndu sembe wonaa huunde nde ɓe foti faamude e suudu—o waawi heddii dehydration, malaria, infection ɗo ɓawo jibingol, walla BP toowɗo.  
Ndeen debbo foti yaade sibiti jooni ngam ɓe ndaaru BP, zazzabi, malaria test, fitsari/jini, e no ndiyam ɓanndu mum woni; ɗum ena waawi soklude drip/ORS e maganin amai nde dokita hokkata.  
So o no woodi zazzabi, mettagol reedu, jini/ruɓɓe ɗo leƴƴi, hoore metti, yiyde dimmɗe, walla o waawataa muynugol/nyamugo—ɗum ko emergency.  
To ndeen, o suɓo ndiyam seɗɗa-seɗɗa, ORS, pap/kunun ɗanɗan, tee o woppita magani mo dokita waɗaani, sabu o no muynina ɓingel.  
Ɓingel mako boo ɓe ndaaru: so o waawataa muynugo nono, o njogi zazzabi, ruttugo, walla o tampii, ɓe yahdu sibiti ɗoon ɗoon.",GPT 5.5,gpt-5.5
0c71b5cb-dae8-44ae-b736-bb2c582a4e97,fulfulde,fulfulde,Dottijo gorko warini amin sibiti goɗɗo vi o ɗo nana hore mako ɗo nawa daande mako ɗo tiɗi be kuma fofe peppetel vurtini mo ha ɓandu o wari ammugo ɗume on waddata irin ɗo be kuma irin dawatoi hokkata mo min emi goɗɗo mai ko nawugo hore mai jotta warini mo na ko sedda sedda warin. Dottijo mai vi warini mo jamma den bo halli jotta min emi mo bo o do lara hite na o vi a gam hite o tull mo nawol hore min nemi mo fu hala fufe ha bandu mako ko do nawa sosai ko sedda sedda dottijo mai vi fu finimo patdu be kuma o wawata viwugo da pellel. vilel gotel amma ɗo nyamo ɓawo kanjum min emi mo ko o fotti be nyaudo o vi wala ha o yahi banda sorugo hunde ha yeso sare maɓɓe damde amin ha likita kanju don ko waddata nawol hore be dande tiddata dum haru o wala wailita dande be fufe ko hatoi ha bandu mako dume waddata dum nyau je rabata on. hundeji fere am je didabo irin goji toi goddo do wadata en anda ta lalle ko hebi mo heba anda dawa be lekki toi o naftirta bako jaborugo vurtan.,"Dottijo gorko warini Amin sibiti, goddo vii, odo nana hore mako donaawa. Daade mako do tiidii, be kuma foofe per peton vurtino ha bandu . Owari emugo dume don waddata irin do be kuma irin dawa toi hokkatamo. Min emmi goddo mai ko nawugo hore mai jotta warinimo na ko sedda sedda warinimo. Dottijo mai vi warinimo jamma denbo halli jotta. Min emmi mo bo odo laara hiite na? Ovi aa gam hiite o tullinamo naawol hore. Min emmi mo fu hala foofe ha bandu mako ko do naawa sosai ko sedda sedda. Dottijo mai vi foofinimo pat bandu bo kuma o wawata viyuwa da pelel gotel amma do nyanya mo.
Bawo kanjum min emmi mo ko o fotti be nyado . Ovi wala ha oyahi, banda sorrugo hunde ha yeso sare mabbe.
Dembe amin ha likita kanjum don kowaddata nyawol hore be daade tiidata do har o wala waylita daade, be foofe ko hatoi ha bandu mako? Dumewaddatadum? Ye’u je raabata donnaa or hundeji fere? Dembe am je didabo irin goji toi goddo do wadata en andata lallai kohebimo, heba anda dawa be lekki toi o naftirita bako jabargo vurta?",http://speech-app.s3.amazonaws.com/static/audio/uploads/ceaf10d8-fa7a-4df9-80bf-e0743041838f/85348220c411afa6b31e56a1ee5100a1_U8wIyu76.wav,"Ɗum ko huunde ɗo hulɓini: naawugo hoore + daande tiiɗɗo + ɓandu wulugo/vomiting walla fufe ɓandu ena waɗi minijiitis (meningitis), walla malaria tiiɗɗo/cerebral malaria, sepsis walla typhoid.  
On njahdu mo lawol-lawol to asibiti mawɗo/ER jooni, ngam o waɗee gwaje-gwaje: malaria test, full blood count, blood culture, glucose, e lumbar puncture so likita yiɗi.  
So minijiitis ɗum woodi, ɗum ena waawi raɓɓude e hoore-henduko/numirde, ko ngam ɗum ceftriaxone IV/IM ɗo waɗata ko ɓuri ko laatiri—hoto on ɗo sabbo lekki gida walla leɗɗe.  
So o heɓi convulsion, ɗaɓɓude, ɗoɗɗugo, fufe/purple rash, o waawataa yahugo, walla o majjii hankali, ɗum emergency ko jooni.  
Paracetamol e ndiyam ena walla naawugo, amma hoto on hokku ibuprofen/aspirin so rash walla bleeding woodi, e hoto on haɗu yimɓe ɗuuɗɓe tawa o ɗo nyawu.",GPT 5.5,gpt-5.5
1cac3a3f-9a74-4667-8cde-20d64f95ca37,fulfulde,fulfulde,Debbo lari gorko mako debbo lari gorko mako doja be sembe to ummi be fajira be yeso maini dojugo nonni fuɗɗata o neɓani bako dara balɗeji o waɗani o lari gorko mako o yara bane fofugo to o yaɓi seddani ko o fa’al o do dara lorna fofɗe mako denbo o ɗo yawa sam be lau. Ɗon yende gorko mako neɓi o ɗo dodda be o do habda lorna fofɗe dami debbo mai o fuddi numugo ko don yahugo je waddata damuwaji dogo mai sai o volwwini gorko mako do yaha asibiti be lara likita heba be hefta ko damata mo jamde mai dume on waddata dudugo kalnudi bannin be yawugo somungo be fofugo dater do damuwa do wawan ko shafi. ko yahugo chafi berde hundeji toi ɗon waɗata goɗɗo maya ko yarna goɗɗo vonugo har je goɗɗo mai handi ni dasa hakkilo alamaji je damuwaji fofugo je darde handi lara hakkilina je dottugo be fofugo dateɗum.,"Debbo lari gorko mako do dojja be sembe to ummi be fajira bedo do leso maini. Dojjugo nonon ni fuddata, oneba ni bako dara. Baldeji owada ni o lari gorko mako o yarabone foofugo . To o yapi sedda ni ko ofa’e eskal , odo dara lorna fofde mako , denbo odo yawa sommugo be lau. Don yende gorko mako neebi odo dojja be odo habda lorna fofde , daami debbo mai. Ofuddi numugo ko don ye’u je wattada damuwajido . Jango mai sai o volwini gorko mako beyaha sibiti be laara likita, heba be hefta ko daamata mo. Demde mai, dumedon waddata dojjugo kalnudum banni be yawugo somugo, be foofugo daker do? Damuwa do wawan ko shafi balle na ko ye’u ko shafi berde?. Hundeji toi don watata goddo maya ko yarna goddo bone foofugo, harje goddo mai hadine dasa hikkilo yaudibe?
Alaamaji kalnudum je damuwaji foofugo je dardiraabe haadi laara, hakilina je dojjugo be foofugo daker do?",http://speech-app.s3.amazonaws.com/static/audio/uploads/14e256b0-1035-474e-8535-57803cab4e54/612b88c302002700ef6c824d0bee5487_JVafDqdg.wav,"Ɗum ko haala ko haɗari: semteende/fainting, chafi ɓernde, hendu ɗo metti, lornugo ɓalli, yawnugo/sweating, walla hakkillo ɗo wayli, ena waawi wonde ciwo ɓernde, BP mawɗo, suga lesɗo, malaria/jontinooje, walla stroke.  
Yahee asibiti jooni ngam likita ƴeewta BP, suga, ECG, jini/malaria, ngam heɓa ko ɗum woni.  
So chafi ɓernde ɗon juuti, hendu ɗo metti, o fainti, o waawaa haala/jahugo, walla ɓalli gooto lorna—ɗum ko emergency, ndeeɓndee mo asibiti ko gila ɗon.  
Hoto hokkitee mo barasa, maganin gargajiya, walla magani nde likita hokkaa; waɗee mo ɗo fowru, hokka ndiyam seeɗa so o ɗo hakkille.  
So ko ciwo ɓernde/stroke ɗum, waawi warude so a laatina, kono so a yahi asibiti law, jamde mum ena waawi hisaade.",GPT 5.5,gpt-5.5
eead0ddd-1dfe-4ab0-991d-095ac322bccf,fulfulde,fulfulde,Jam bandu mi wari gammini ko amin giteji be balli mako do wadi yalo ni kuma banni mai ni har kusan balɗe tati ɓandu maɓɓe bo do wuri o dolla be zazzabi bo kuma ɓe wawata nyamugo ɓe wawata jogugo ko ha redu bo ɓe ɗo diuna ɓe ɗo somi wala. ngam hore maɓɓe do rekka do nawa be bandu maɓɓe do buli min wodi nafturgo hundeji min mari hasare amma wala ko chanji sam be damata be giteji mabbe be balli maɓɓe je chanji kolo jalodum ha jotta dillai do bedda ɓeddugo tan kullum be wala darta. Ɓe ɗo yara bone kanjum waɗi Allah haɗɗo ɓe ɗo nana bone sosai kanjum waɗi min wari sibiti heɓa min anda ko mintaakata heɓa ɓandu min gite je waɗata jalo ɗo ha chan be hoinai.,"Jam bandu, miwari gam miniko am , mi laari ni giteji be balli mako do wadi jallo jallo ni. Kuma bani mai ni har kusan balle tati. Bandu mabbe bo do vuli odolla be zaszabi. Bo kuma be wawata yamugo, be wawata jogugo kodume fu haa redu. Bo be do duwna be do sommi wala sembe. Gam hore mabbe do regga, do naawa, be bandu mabbe do wuli. Min godi nafturugo hundeji min mari ha saare, amma wala ko changi sam be damata be. Giteji mabbe be balli mambe je changi colo jallo do har jotta dillai, do bedda beddugo tan kullum, be wala der jam, be yamdai. Bedo yara bone. Kanjum wadi Allah haddu , bedo nana bone sosai.
Kanjum wadi mi wari sibiti heba min handa komin taakata, heba bandu miniko am, balli be giteji je wadata jallo do hachai be haunai.",http://speech-app.s3.amazonaws.com/static/audio/uploads/e56ed16c-b8f2-4bf6-a64a-31c145f3fe5d/632fed9fd6caafa6b04acc21b3281845_swgorVyY.wav,"Jam, ko ɗum woni **jallo/jaundice**—gite e ɓandu ɗon waɗa rawane—ɗum ina waawi iwde e **hanta**, **malaria tiiɗɗo**, hepatitis, typhoid, walla bone ƴiiƴam.  
Sababu zazzabi, bone ɓandu, ɓe waawataa ñaamde/jogude, ɗum ko **haaju jango-jango**; ɓe waɗa test: malaria, ƴiiƴam, fitsari, LFT/bilirubin, hepatitis.  
To ɓe ɗon njara ndiyam tan, ɗum waawata sukkindude; ɓe waawi soklude drip, dawa malaria/antibiotic walla dawa hanta, ɗum foti e ko test holli.  
Hoto njokku naftorgal ganndal wala dawaaji kala, ko paracetamol heewi, sabu ina waawi ɓurɗe hanta bone.  
To ɓe ɗon ɗoynude, ɗon yuurta, ɗon waɗa fitsari no duumɗum, walla ɓe waawataa yara ndiyam—naɓee ɓe emergency jooni.",GPT 5.5,gpt-5.5
24394b13-2ade-4730-89fc-1aa86c1b2d7d,fulfulde,fulfulde,Ɓingel waɗi redu mako woɗa soina kanko mai wodi redu ko feiti hande bo jima misi oɗo wodi naudum o arti o mofti kare mako o wari wuro an ɗum ɓe yiɗi inde mi lari nako darayi mofti kare mako arinde kam o yiɗa mi yarama nyamdurde mi yarima nyauɗo ɓe lari mo ɓe wi’i rimirde mako fuɗɗi no maɓɓi to den wakkati o dan maɓɓi. Dan wakkati odyota badi ha jotta koni mako ha wakkati konju kala on wurtoi to ingaya kam on no nana naudum naudum dobe jodata jodi naudum mako wurtai ridi mako arande on hakila am ummi be ta Miɗi mi yida binge on mi yiɗa mi soya binge ame warta dou sa'i ni foɗata nau ɗum on danyoda arande wa’ina noɗata ɓe wi'a binge ko tay vurta hite alura ko ɗon saika mo.,"Bingel am  wadi reedu;  duɓi makọ woɗa lasọ  ẹ nayi. Kankơ nọn mọ wodi redu. Kọ fayti hanɗẹ bọ.
Jemma, mi hissi ọɗọ wondi nauɗu. Ọ arti  ọ mofti  karẹ makọ ,ọ wari wurọ am. Nauɗu mei  ɓeidi ,ndẹ mi lari nawɗum makọ darai, mi mofti karẹ makọ, arandẹ  kam  o ƴiɗa mi yaramo Nyaudọrdẹ .  Mi yari mọ Nyaudọrdẹ  ɓẹ larimọ. Ɓẹ wi'i rimirdẹ makọ fuɗi nọ maɓitọ, den wakkati o danygol ɓadi.
Ha jotta kam ,danygol makọ nọ maɓinti fa wakkati kọ cukaley ọn wurtoitọ. Iga Ƙenƴa  kam ,cukaley ọn nọ nana nawɗum ,den nauɗum  nọ ɓẹddo tam ha min yọtti.
O wondi  nawɗum, cukaley makọ wurtay,  reedu makọ arandẹ ọn. Hakkilo am ummi , ɓẹrne am de itaaki.
Mi ƴidi mi yida ɓingel am, mi ŷiɗa mi soya ɓingel am nge warata do.  
Useini,ɗumẹ fọɗata nawɗum on?  Non daynrgol arandẹ wa' i na?
Ɗun watọn na ɓẹ wi'a ɓingel fotay wurta heedi alaura ? Ko ɓọ dun sẹkan mo?

",http://speech-app.s3.amazonaws.com/static/audio/uploads/54d97066-aaf6-453b-93b7-5874f6b2bdb1/74d2c2539d22f06d6b6e1e053f9721aa_p44tmTP2.wav,"So ɓinngel no waɗi mettuɗum reedu, moftude, waawaa nyamde/yarude, walla o jogii hitaande, ɗum ko ɗam ɗo haani waɗde gila asibiti jooni.  
Ɗum waawi wonde **appendix wullude**, haɗande reedu, malaria/typhoid, walla infakshin; dokita haani ƴeewde mo, waɗde ƴiiƴam/urine, e ultrasound so woodi.  
So ko appendix, **alura tan wonaa doole**—saa’iiji ɗuuɗi operation ko ɗon hisnata ɓinngel.  
Haa ɗon yahata, hokku mo ndiyam/ORS seeɗa-seeɗa, hoto hokku leppi, herbs, walla antibiotics tawa dokita yamiraani.  
So reedu mako ɓurti, moftude no jokkude, o tampii, walla o waawaa wurta kashi/gas, yahdu emergency ɗon ɗon.",GPT 5.5,gpt-5.5
c7ae9c4c-9650-4dcc-9c1f-dd2ce1320982,fulfulde,fulfulde,Debbo fere mo duuɓi cappan e ɗiɗi e ɗiɗi mo danyi ha asibiti bal e tati ko sali waddi ɓingel mako hande waɗugo riga ɓikkoi keccon nde o wari sai o yecci amin ɓingel ɗo sali musongo ha yotti ɓingel man wala sembe ko sedda bo o nan o vi ɓingel man. dembo ko ndei jungo mako kosde be bandu mako pat do fewi delem har do holla mo to o memi bingel man be jungo mako har dikka o hosa mo ha der sabbo hakkilini bingel man sali en di bandu mako do fewi to be memi dembo bandu man do bedda watugo har o wala. jungo mako forta kosɗe bo wala dimba sam oɗo wali babal gotel tan to alari ɓingel manni oɗo yonti bo nyaungel ɗume dasi bannin man ɗum a numata dasata ɓandu ɓikkoi keccon fewa delem to goɗɗo memi ko gam o sali musungo on tan ko game on. Re min wawata waɗugo hala salare kosam en ɗi man nden bo hala riga handi min jaɓa man ɗume on shawara ma ha dou man.,"Debbo fere moh dubi chappan eh Didi eh Didi moh danyi ha asibiti balde Tati ko sali waddi bingel mako hande wadugo riga kafi bikkoi kecchon. Deh o wari sei o yechchi Amin bingel doh sali musungo, ha yotti bingel man wala sembe koh sedda boh o danan tan. Ovi bingel man wala joga endi, denbo kodei jungo mako, kosde beh bandu mako pat doh fewi delem har doh hulna moh to’omemi bingel man beh jungo mako, har dikka o hosa moh hader sabbodeh. O hakkilini bingel man sali endi, bandu mako doh fewi to beh memi denbo bandu man do bedda watugo har o wala Wawa bamta jungo mako, forta kosde boh o wala dimbah sam, odo wali babal gotel tan. Toh a lari bingel manni odo yonti boh nyaugel. Dimeh Dasi bannin man? Dimeh on a numata dasata bandu bikkoi kecchon fewa delem toh goddo memi? Koh ngam o sali musungo on tan koh ngam dimeh on? Dimeh min wawata wadugo hala salareh kosam endi man? Denbo hala Riga kafi hadi min jabah man dimeh on shawara mah ha Dow man? ",http://speech-app.s3.amazonaws.com/static/audio/uploads/c667015d-cb35-4cae-a580-4a5001443e0d/7e11306fe2f55f3ac9477ddb4d830de2_VnFrNlTX.wav,"Ɗum wonaa ko ɓinngel keso waɗata no feewi; ɓinngel mo sala muusungo, wala sembe, juuɗe/koyɗe ɓe ɓuuɓi, walla ɓandu mako ɗo ɗaɗi/ɗikka si memaa mo, ɗum ko **alamaji haɗari**.  
Ina waawi wonde **ciwon jini/sepsis**, **sukari ɗiɗɗo haa jinna**, **ɗoɓɓere ɓandu**, walla **tetanus ɓinngel keso**, waɗi ko ɗum waɗi o sali muusungo.  
Shawara am: **ndeeɗon mo law haa asibiti/SCBU yanzu**, haa likita en ƴeewta mo, ɓe waɗa zafi, sukari, oxygen, allura antibiotics, ko magani ɗiɗɗa spasms/tetanus so ɗum ne.  
Haa on yotta, **ɗaɓɓitinee mo haa ɗumɗum**, ɗon ndippina mo e daaka hakkunde rewɓe, kono **hotoon hokkugo kosam force** so o waawaa muusde walla o ɗo ɗikka.  
Rigakafi no waawi ɗon caggal nde ɓinngel stabilise, amma jooni ko **cetugol heɓugo ɗawgol gorko** tawata gila ɗum ko emergency.",GPT 5.5,gpt-5.5
b56b8cde-923d-43a6-a213-9825f54e05d9,fulfulde,fulfulde,Debbo danyi ɓingel ɓingel lewru mai lewru jui waɗi bayani hala ɓingel mai o viya damuwa dow ɓingel mai wakkati o dal mai ɗo musina sosai bana no handi. Bannii tan o laari ɓinngel may ɗo woka nawɗum haa juuɗe be kosɗeeji maako yotti haa ɓinngel may woka ɓe ɓamtan o laada koo o dimba heba o yotta dada maɓɓe puseni ɗume on dada ɗo wannata ɓinngel ɗo hoyna mo nauɗum haa juuɗe bee kosɗeji ɓinngel ɗo bee dada mo ɓinngel Kanjum dada yiɗi wara sibiti be ɓingel mai ɓe lara likita heɓa ɓe hefta ko ɓe wannata ɓe vallita ɓandu ɓingel ɗo o wona o jamu.," Debbo dayi bingel. Bingel mai leuru jew ko saali. Owadi bayani hala bingel mai, ovi wala damuwa do bingel mai wakati odayi mo, bingel mai do musina sosai bana no haadi,  bani tan o laari bingel mai do wooka naudum ha juude be kostejimako.
Yotti har mingel mai wooka be bamtamo o ladda, ko o dimba, heba oyotta daada mambe.
Useni dume don dada do wannata bingel do, hoinina naudum ha jude be kosteji bingel do, be da darna mounugo bingel mai? Kanjum daada idi wara sibiti, be bingel mai be laara likita heba be hefta ko be wannata be vallita bandu mingel do, o wonna o jamo.",http://speech-app.s3.amazonaws.com/static/audio/uploads/d6814191-320f-476e-b754-1e5f00ce3b43/a7bfb580c59dbfc06b698a2a2c7cc8bd_dC1HSTpx.wav,"Wara ɓinngel ɗo sibiti jooni, sabu ɓinngel lewru gooto mo wulla ngam naange/naawɗum haa juuɗe e koyɗe ena waawi wonde ɗum infakshin, jokkere/ɓurɗe e ɓandu, walla wonande koyɗe/juuɗe.  
To o heɓii fever, o sala njaramu/ɓiraandu, o tampii, o hulsinii, walla juuɗe/koyɗe ɗen ɓurtii walla ɗum weltaani, ɗum ko haaju jawdi.  
Likita maa ƴeewto mo: ɗimmere ɓandu, naange, no o ɓirata, juuɗe e koyɗe; maa waɗe jarrabuuji ƴiiƴam, malaria/sepsis, genotype sickle cell, e x-ray/scan so foti.  
Haa ɓe ƴeewtii mo, hoto ɓamtan walla dimban juuɗe/koyɗe ɗen, sabu ɗum maa ɓeydu naawɗum.  
Sibiti maa hokku mo magani naawɗum, antibiotics so infakshin woni, njaramu/ɗaforde so o ŋakki, ngam o yahu jam.",GPT 5.5,gpt-5.5
2f3e44a3-7f20-485e-ba8b-2776f62a7e10,fulfulde,fulfulde,Debbo lari gorko mako ɗo mari nawol hore nawol hore mai voɗai sam sam nawol hore ɗo ɗo nawini harnde mako o tidini wawata waitugo nano be nyau ni bana no handi sai o lari kula pamari je wala no ɓandu gorko mai amma fuɗɗi vurti non. Debbo mai ɗo irin kuje je feɗi dow ɓandu gorko mako ɗume on lati hunde mai vurti kuma ɗume on waɗata ko mi gorko mako meɗi marugo zazzabi nauɗum na kuma lekki toi ɓe naftiri o vi’a ko gorko mai leso o ɗaana ɗo. pilo nda wayi ba o dande mako ba o fide mako ba non nawol hore mai wari sai wardi be tildi kuma kugal perpetel vurtini mo ha bandu mako ko irin kuje banni. ɗon irin debbo ɗo waɗata vallititta gorko mako be lornamo ɓandu bana no vonna.,"Debbo laari gorko mako do mari naawol hore, nawol hore mai voodai sam sam. Nawol hore do , do nawii ni har saida daade mako o tiidii ni, wawata wellutugo nano, nyamo ni bana no haadi. Sai o laari puulel pamari je walano bandu gorko mai amma fudi vurti nonon. Dum hulni debbo mai do irin kuje je fedi do bandu gorko mako, dume don laati hunde mai vurti, kuma dume don owadata? Komiemi debbo mai ba gorko mako medi marugo zaszabi naudum na be kuma lekki toi be naftiri?
Ovi aa.  Ko gorko mai, leso o naanata, do pilo dawai ba o naani do daade mako ba? Ovi aa. Dawai ba o naani do daade mako ba nonnon naawol hore mai wari, sai wardi be tiidol daade. Kuma pullel per pertel vurtinimo ha bandu mako.
Ko irin kuje bani fe’di, dume don irin Debo do wadata vallititta gorko mako be lorninamo bandu bana no wonnon?",http://speech-app.s3.amazonaws.com/static/audio/uploads/2f4abe8b-e67f-4ef8-ad92-a4a83f3f42ba/b3f8e1c492a2e170e1020e915f9e5feb_9wk2n8d4.wav,"Ko a siftii ɗum ena yiɗi waɗde **meningitis/cuta hoore**: zazzabi, nawol hoore mawɗo, daande tiddi/wawataa feewtugo, e kuraje/piloji e ɓandu — ɗum **gaggawol**.  
Ɗowee mo **asibiti joonee**; o waɗaaji gwaji e magani ɗo ley ɓeyngu, so tawii meningitis ɓe naftira **ceftriaxone/antibiotic** daɗɗugo mo.  
Hoto ɗum woodi lekki gida tan walla lornugo ɓandu; waɗanee mo paracetamol so zazzabi, ndiyam, amma hoto o ɗaan ɗo tan.  
Ɓiɓɓe e yimɓe suɓaaɓe hoto ɓadii mo, hoto ɓe huutora kofi/kwano mako, waɗee lootirde juuɗe, tawa ɓe ɗaɓɓita **magani kariya/vaccine** e asibiti.  
So o jomɗi, o tampi, o woppita hakkille, walla kuraje ɗe mbayi ndiyan-damu, ɗum ɓurii gaggawa.",GPT 5.5,gpt-5.5
2cc76397-ed2f-47fc-bfe4-fc04693d603d,fulfulde,fulfulde,Dada peju ɗo mari ɓikkon tati peɗu on petel mai pedu ɗo mari duubi gotel ɗada peju mai hirliti bawo balɗe sedda de o danyi peju do mari nyau koma ton wakkati mai odo ta occa wala darugo sam o virliti fofugo fu do hokka mo vi ɗojugo ɗo yawanci ɗo warinamo be keke wakkati komoi fu nasti ɗo ɗaana o vi fota boɗɗum ɗo wala acca mo o fofa o vurtina boɗɗum o vi o yahi ha nyaundigo gargajiya kuma hokki mo. Lekki gargajiya amma o hirliti wala ko huwini mo sei o vi o dilli tan o yahi a sibiti heɓa ɓe hefta ko fe’ata be petul damuwa ɗo wawan hoina ɓingal ɗo damuwa ɓerde na ko asma ɗon fe’ata be ɓingel ɗo kujeji toi ɗon handi ɓingel ɗo handi acca heɓa ko. damata mo wadinta mo o dodda ho’ina mo usta sosai.,"Daada  peju, do mari bikkon tati, peju don petel mai . Peju domari dubu gotel. Daada peju mai hirliti bawo palde sedda dai odayi . Peju do mari ye’u dojjugo, kuma tun wakati mai odo ta dojja wala darugo sam . Ovi kuma o hirliti foofugo fu do hokkamo bone.ovi dojjugo do yawanchi do warinamo be kikkide  wakati komai fu nasti do naana. Ovi foofugo mako do sadina mo ofoofa boddum. Kam dojjugo do wala acchamo o foofa o vurtina boddum . Ovi oyahi ha yaudiko gargajiya kuma hokkimo lekki gargajiya amma o hirliti wala ko huwunimo. So ovi odilli tan oyahi sibiti heba be o hefta ko fedata be peju. Damuwa do waawan hoyina bingel do na? Damuwa berde na ko asma don feddata be bingel do? Kujeji toi don haadi bingel do haadi accha, heba ko damaatamo wadintamo o dojja hoyinnamo, usta sosai?",http://speech-app.s3.amazonaws.com/static/audio/uploads/6e909e46-aea0-4c4f-bb81-41b4c41de685/f1bc7d90ca18dcde7c7c9283d525d056_aJYaONaC.wav,"Ɗum ko alamaare nde ina waɗi haɗari: ɓinngel duuɓi gootel so ina ho’ina, ina fofira no wuɗɗi/wari, walla ɓernde ina naasti, waɗee mo yaaɓugo sibiti jooni.  
Ina waawi wonde asma, amma e ɓikkon ɗiɗi/duuɓi gootel ko bronchiolitis walla pneumonia ɓuri heewde, ɗoktoor kam heɓata ɗum ɗum ka o nani huhu, o ƴeewi oxygen, o hokki nebulizer salbutamol/oxygen walla antibiotics so huhu na fe’ata.  
To o waawi ɗaanna, o ɗaɓɓa ɓamtaare, o ɓulɓula, o yiɗaa ɗam/ɓira, walla ɓeɗe mun ngoodi, ɗum ko gawatiri—yaaɓee gawatiri.  
Hoto hokkire lekki gargajiya walla lekki ho’ina/cough syrup e ɓinngel ngal, sabu ɗum waawi ɓurɗinde fofugo.  
Heɓee mo ɗam/ɓira no heewi, laɓɓinee hunduko/konngol makko, hisnee mo e duɗal, faynugol, sigaaru, ƙura e sanyi.",GPT 5.5,gpt-5.5
54bbaad4-dfe1-40e7-91f1-83faadadab2c,fulfulde,fulfulde,"Mini amodai we'e anɓɓa he jo jonamo o warti wuro o wulla, kominma ko fetiyam bosaru ha kosɗe mako me kala bo saru on toi ɗum ɗuroi koɗum bosaru kindiraɓe on wakkati nden meban ha balbe bo salun nga timmo ngam ɗum warake bo saru. mi yarama asibiti danyu dare kindira bate den tan mi yaha mi soda ha kemis mi sodi bata on ɗum tufuma ɗum kenya illa wakkati den mi yarima wuro amma lake man umti nokkure nanwoji jotta kam hakkila ammi hemi tammi bo sare ɗon hokki ɓingel nyamdu bo sare. mido nyama wodi lekki combiti larugo ko mo.","Mi lili bingei am sodan  bafe ewedu ƙeƴa kikiɗe. Hanọ mintaci sappọ e joyi, kosam owarti wuro e owulla.Ko mi ƴami ko fayti, ɓẹ wolwaniya ɓọsaru ngati  kosɗe mako. Mi ƴami mon dume kala bọosaru on, toi  dun ƴuroi ko ɗu boosaru keddiraɓẹ non. Wakkati nden, mi wujani mo ŋebban ha babal boosaru ngati mo, ngam dum wara tọke ɓosaru ɗum.
Sai ɓẹ hokki am shaawori mi yaramo asibiti dayngol dere keddiraɓẹ . Ɓe widdaniyam baatẹ tetanus mi yaha mi sooda ha kemist. Mi soodi baatẹ ọn,dun tufi mo ɗun ƙeƴa. Illa wakkati den, mi yarimọ wurọ amma illa ƙeƴa , futtẹrẹ man ɓuuti , nọgurẹ nọ wooji. Jotta kam ,hakkilo am  ummi  ẹ mi tammi boosaru dun hokki ɓingel am nƴau boosaru.  Mi ɗọ ƴama wodi  lekki kọ mi sodinta na mọ ko bọ mi yara mọ sibbiti ɓẹ  ɓedda larugọ mọ.",http://speech-app.s3.amazonaws.com/static/audio/uploads/2cfca6d5-0a0f-4852-ae31-483a1a78d358/d7f56e3c49af2c1ef1fe26497dd03885_Ojde3urT.wav,"Ɗum no foti wonde nyawu koyngal/jontaaje walla bone/fracture maa infection, tawa sey a yartu mo asibiti ngam dokita ƴeewta mo, waɗa X‑ray maa bincike ƴiiƴam so ɗum waɗi.  
Hoto soodo “lekki combination” walla injection e chemist, sabu ɗum ena waawi suuɗde nyawu walla waɗde bone/infection ɓurɗe bonude.  
Ngam tampere/pain, aɗa waawi hokde **paracetamol** walla **ibuprofen** no fotiri e kilo mako, kono hoto hokku ibuprofen so o jogii ulcer, asthma, nyawu ginɗe, walla o ina tufri/ɗiiɗi.  
So koyngal ngal ina fuuɗi, ina woddi, ina ɓolwi, o waawataa yahude, o jogii fever, walla nyawu ɗum ina ɓeydi, yahu **gila jooni** asibiti.  
Lekki ɗum laawol mum ko dokita waɗa ngam ko o yi’i e bincike, sabu ko fracture, septic arthritis, osteomyelitis walla sickle cell pain crisis fof ina waawi waɗde ɗum.",GPT 5.5,gpt-5.5
f25002c8-9b3c-4634-b743-63e14592b434,fulfulde,fulfulde,Gorko ambi mako cabble nai bo milliti sati ko sali ɗum o ɗo fita yara ndiyam sosai sosai no yarata ndiyam mai nonnon o silata to o yari ɗuɗɗum ma non kuma nonnon ma be jemma o finai wadai de sappo o ummi o yaha o silla o ɗo woka fu o nana. Bo o ɗo ɓeddi ɓandu seɗɗa wakkati fere o ɗo fiya o ɗo lara daure o wala lara boɗɗum to o ummi o ɗo wanca mirliti o ɗo silla akai be ɗuɗɗum bo ɗume on watata sendugo. Ɗo be ɗonka ɗo kwaɗi o yarata ndiyam ɗuɗɗum denbo o ɗo silla ɗuɗɗum ko alamaji ɗo wawan je yahu shuga ko hundeji fere ɗon aunugo be ko ji waɗata heɓa hefta irin nyautoy ɗon ɗo ko waɗi o ɗo somi kullum ɗo ɗume on waddata silugo akay ɗo. Ɗo sembe iyam mako ɓamti ɗon waɗata nyauɗo ko ndiyam ɓandu mako timmina ko kuje fere ɗon tan irin nyiri be kujeji yarugo toi o accata kuma ɗume on handi o dinga nyamugo mataki toi hosata vallititta alamaji ɗo de handi noi be hollugo je shuga handi waɗa kullum ko. Yonde go nyau toi ɗon waɗata alamaji ɗo je feɗata ha ɓandu mako.,"Gorko am dubi mako cappende ni. Denbo mi hirliti saati tati ko saali do odo fi ta yara diyam sosai sosai. No o yarata deyam mai nonon o sillata. Toh oyari dumdum ma nonnon. Kuma nonnon ma be jamma o finai wadai de sappo, o ummi o yaha o silla. Odo wooka fu, odo nana chomri kullum. Bo odon beddi bandu sedda. Wakati fere odo fi’a o do lara dowre, owala laara boddum to o ummi odo wancha. Mi hirliti odo silla akai akai bo dundum bo. Dumedon watata sillugo mere mere do be donka do? Kwadi oyarata diyam dumdum denbo odo silla duddum? Ko alaamaji do waawan je ye’u shuga, ko hundeji fere don? Haunigo toi be goji toi waddata heba hefta irin ye’u toi don do? Kowadi odo somi kullum do? Dumedon waddata silligo akai akai do? Do sembe eyam mako bamti don waddata ye’u do, ko diyam bandu mako timmi na, ko kujjeji fere don tan? Irin yiiri be kujeji yarugo toi o acchata, kuma dume don haadi odinga yaamugo? 
Mataaki toi ohosata, vallititta alaamaji do? De haadi noi goji be haunugo je Ye’u shuga haadi wada, kullum na ko yandego yandego? Ye’u toi don waddata alaamaji do je fe’data ha bandu mako?",http://speech-app.s3.amazonaws.com/static/audio/uploads/8a97b8c6-8fe2-4d56-8192-7dfa47a06db8/729fddc470af85a17ac60bfb78dd0ee8_4uOweQfF.wav,"Ɗee alamaji—yarugol ndiyam ɗuɗɗum, sillugol ɗuɗɗum jemma, sembe ɓamta, ɓandu ɓeyda ma yitere lara—ɓuri hollugo **ciwon suga (diabetes)**, amma foti waɗugo gwaji ngam tabbitude.  
Yahaa asibiti/chemistry ngam auna **suga heɗen ƴiiƴam**: fasting blood sugar, random blood sugar, ko HbA1c; so suga no dow, likita hokkat loowe/insulin.  
So o heɓii wonde o ɗo fota, o ɗo yarrata ndiyam no feewi, o ɗo hula/hakkille majji, o ɗo fowta ko numfashi yaawi—ɗum ko gawatir, yahaa asibiti jooni.  
O acca zuma, soft drink, lemu mai zaki, shayi mai zaki, da abinci fari ɗuɗɗum; o ɲaama kaɗan-kaɗan: wake, kayan lambu, hatsi/tuwo kaɗan, kifi/kwai/nama kaɗan, e o waɗa yaha-yaha/exercise.  
Ciwon suga no waawi feewugo so a ɗo auna suga kullum/kullum-kullum, a ɗo ɗowta magani, a ɗo rewata shawara likita.",GPT 5.5,gpt-5.5
c6d6cd08-5891-40ef-a139-f669e738afb7,fulfulde,fulfulde,Reɗujo wari sibiti kikkide gorko mako do hollina mo akai akai o vi do wati mo o dinga hurturgo yalade duddum to o nani gorko mako do warta sare ko to o nangan lawol sare sai odo wurtira gam o do dami. Ta o tappam ko o huɗam o heliti fu ɓernde mako dogga ɗo fiya o dilli ha sembe iyam mako sai o tawi ɗo va’i sai o vi o tori vallide ha sare mako yecci ɓe wanni mo bayani mo bayani ko. Kanjum ɗon sare mako hokki mo lekki gargajiya amma wala ko acci sam bawo o naftiri o yiɗi o anda ɗume on o waɗata heɓa ta o ringa vurturgo sosai ɗo tori ko to on ni gorko mako ɗo warta ɗum on waɗata o lornina hakkilo mako ɓernde mako wala jam e hakkilo.,"Reedujo wari sibiti kikide do, sai ovi gorko mako do hoolinaamo akai akai be do doofa mo kullum. Ovi do watimo odinga hurtuluggo. Yalaade dumdum to onani gorko mako do warta saare ko to onangan lawol sare, se odo hurtila gam odo daami ta o tappamo ko o huda mo.
O hirliti fuu berde mako do dogga, do fi’ya. O dilli haunugo sembe eyam mako, se tawi do fa’i.
 Sai ovi o tori vallinde ha saaro mako be oyechhi be wanni be bayani ko feddata.  Kanjum don saare mako hokkimo lekki gargajiya amma wala ko acchi sam bawo o naftiri.
Oyidi o anda, dume don o wadata heba ta oringa hurlituko sosai do, to odo hota sare ko to o nani gorko mako do warta? 
Dume don owadata o lornina  hakkilo mako, berde mako waala , jam e hakkilo?",http://speech-app.s3.amazonaws.com/static/audio/uploads/2e433a65-2b62-4d14-bb27-dd938229234c/c306bef2a869a29a5f5379e5e636567c_FwtnIFMv.wav,"Ɗum ɗo woodi e ma ɓurti nanndude e **hulde mawnde/panic attack**, tee sabu ko gorko mako yaltina ɗum, en foti hollude so woodi **wuyde, haɓɓude, nyandeede walla jeyal cuusol e suudu**.  
O foti ari sibiti ngam aawtagol: ɗoctor yoƴƴina mo, ƴeewta so wala ciki, cuta ɓernde, jinni fanɗude, thyroid, walla ɗum ko damuwa/hakkillo.  
So gorko mako ina lorina mo walla ina waɗa mo hulde, ko arande: **o yaha e nokku kisal**, o haalana neɗɗo koolniiɗo, ardo’en jeyal, Women Affairs/social welfare, ko polisi so jam mako ina haɗii.  
Lekki gargajiya ngam ɗum hinaa doole; ɗoctor fitina mo e counselling, dabaru no hendo-seyde/huutoraade, tee so woni ɗuuɗi, lekki damuwa/panic no sertraline walla ko ɗoctor waɗi.  
So ɓernde ina dogga no feewi, o va’a, o hokkita ngam, walla o yiɗi bonnude hoore mako, **ɓe yaha emergency ɗoon ɗoon**.",GPT 5.5,gpt-5.5
01c01c8d-5192-45d6-b2a6-aa58636139b3,fulfulde,fulfulde,Debbo banga on duɓi amin e tati e joi usbi joi on lari amoti kugal ko yali amɗe tati sali ɗo mi hefti o ɗo fi kata ɗoja sosai ko ɗume je darnata. Ɗojugo mai amma mi lari accdai joɗugo ha sare to mi dilli be fajira se a warta jego dada am on joɗata be ɓingel am kala deɓi wakkati yonugo min ɗo yona min nana ko ɗo yecca am woɓɓe. Ɓingel ambi joi on kosam ɓe fuɗɗi yahugo kugal mi dayi miɗo kosam mi yarni mo kosam je lebbi tati mi fuɗɗi hokkugo mo nyamduji fere miɗo hokka mo. Nyamduuji kala kala bana gaari be nyamdu ɓingel je mi andi ko yardi amma fofugo mako dana o fofi ba dan o vowi fofugo ba o wala fufa boɗɗum kuma mako sukki pat. vidum be hande wakkati o do yiwa mo be fajira sanga o naftiri ndiyam jumjum ha kine mako be haberde mako gam ndamba mai sati fofugo mai fuddi o acci fofugo boɗɗum kuma fofugo mai acca kuseni. on min naftirta hamaku je acca tabba mai kuma hala fufugo mai je lebbi die waɗata mum kuma min wadata hala fufugo boɗɗum. haɗata mo fufugo.,"Mi dabbo panginga, duubi ma cappande tati e joyi. Useni ,mido  bingel am laibi joyi on laraina am mo. 
Mi hoti kugal. Ko kaydini ma , yalde tati sali do , mi havti o do if kata doja sosai. Min godi kodume je darnata dojugo mai, amma mi lari acei. Mi  Duda I jodugo ha Sara. To mi dile be fajita, Sai asiri mi wartata jago . Dada am on Jodata be bingel am . Kala dami habi wakati onugo, mido onuna minana ko odo doja, kuma beddo yeca am odo doja. Bingel mai lebi joyi on . O ace yarugo kosam tan  gam mi fudi yahugo kugal. Mi rai nimo kosam je labi tati, mi fudi hokugomo yamduji fera.  Mi do hoka mo yamduji Kala Kala , bana gari be yamdu bingel  je mi andi.
Ko kaydini am tun keyan Jamba, fofugo maako da bana o vowi ba. O wala fofa boddum, kuma kine maako suki pat .
Dada ma vidum ma hande wakati odo yiwamo be fajira, san da o naf tartiri diya jumjum ha kine mako be ha berda mako gam danma  mai sati.
Fofugo mai  fudi. O achiti fofugo bodum, kuma fofugo mai ache mo.
Useki, am dema: dima on mi naf tirta a maako je a cha ta  danba mai? Kuma hala fofugo  mai je labii, dime mi wadaata, dime mi naf tarta mo, kuma dime me wata hala fofugo bodum bo hadata mo fofugo.",http://speech-app.s3.amazonaws.com/static/audio/uploads/e969e5a4-b9c1-4135-91f5-06d3466c1f7b/0c71653210fc3b05c4f3723db180c30f_Ky7SgT4A.wav,"Ko a sifii ɗum no wa’i kataaru/ɗamba e hufugo; sabu ɓinngel no famɗi e hufugo no haɗa mo fufugo, yahdu asibiti hande ngam a ndaarana ko pneumonia/bronchiolitis.  
So fufugo no yaawi, habbere no naata, o yarataa kosam/ndiyam, o heɓi hitaande, o sinndi, walla huunde makko/gite makko no waɗi bulu—ɗum ko gassol.  
Ɗo galle: hokkude kosam seeɗa-seeɗa, waɗu saline drops e kine, momtu ndamba be lesu laaɓɗo, jogii mo dow seeɗa.  
Woto naftiru ndiyam jummum/steam e kine walla habbere, e woto hokku maganin tari/antibayootik tawa dokita ndaaraani mo.",GPT 5.5,gpt-5.5
15b2f125-fca9-4ad1-8ffa-9a5db02234e0,fulfulde,fulfulde,Dada je wondi ha daadiraɓe je waddata ɓikkoi maɓɓe tufugo batal o famtini o yiwi keccal mako ɗo mari damuwa ha hunduko mako ɓingel mai ɗo waɗi bulu hande sai o yisina ɓingal mai o ɗo turra. Heɓata hendu boɗɗum be kuma ɗo hokka mo banugo boɗɗum o vi kanjum ɗon sakli musam gam wanda ko ko fe’ata be keccel mako ɗume on watata ɗebal mai waɗa bulu bannin do mai on kuma waddata ɓingel turra bo heba damuwa fofugo. Lekki ɗon ɓe hokkata na ɓe lara ɓingel mai na,"Daada je wondi ha daadirabe je waddata bikkoi mappe tufugo baatal ofamtini  o ye’u kecchel mako do mari damuwa ha hundeko mako, bo lebol mingel mai o wadi buluu .
Hande sai o yi’i to odo musina bingel mai, odo torra , hebata hendu boddum , be kuma do hokkamo bone foofugo boddum. Ovi kanjum don saklimo sam gam ohanda ko feddata be kecchel mako.
Dumedon watata lebol mingel wada buluu banni? Dume don kuma waddata mingel torra bo heba damuwa foofugo to’ do musina? Lekki don be hokkatanaaa, ko be larai mingel mai na?",http://speech-app.s3.amazonaws.com/static/audio/uploads/aa9f1487-f1a3-4d70-aef8-286694f399cd/e96515e360a92f867f6105de073e3c23_e14dyyfM.wav,"Ɗum no wayi ko **candidiasis/thrush** ɗo hunduko ɓinngel: caccu/bulu daneeji ɗo ɗemngal e hunduko, ɓinngel ɗo wulla so o muynata.  
Yo ɓe **lartu ɓinngel ɗo asibiti/dispensary**, sabu so hendu, bonnugol muynude, walla turagol ɗon woodi, ɓe ƴeewta ngam wonaa koɓgol goɗngol.  
Lekki ɗo ɓe hokkata ɗo nokkuuje keewɗe ko **Nystatin drops** (walla miconazole gel so dokter yamiri), a waɗa ɗum no ɓe yamiri, kadi ndeena koore endam/ɓernde inna ndee laaɓɗum.  
Ina woodi moƴƴi inna **jokkude muynugol**, kono so ɓinngel ɗo turra no feewi, ɗo waɗi hendu, ɗo haɗi yara, walla ɗo hoyni, yo ɓe yaa asibiti jooni.  
Woto ɓe hokka lekki gargajiya walla antibiotics ko ɗo woodaani yamiroore, sabu ɗum ina waawi ɓeydude ɗam damuwa.",GPT 5.5,gpt-5.5
f01bdcfa-cea4-4a33-ade6-520e66be1a80,fulfulde,fulfulde,Dada joɗata ha fattude amin do mari redu je bingel mako didamo ha fuddarde redu mai komai oyaha dedai odo nana beldum mingal fere do wara amma lewru sadda ko sali do o fuddi nanugo lesdu mako do nawa yende naudum mai wadi mo sosai har dakai o darata boddum Nibai samɗi rufugo iyam sosai rufugo iyam mai ɗa no rufata ɗon ba rufi sosai kuma wati mo comri oɗo somi de o lari iyam mai sai o wurtiri tani ɗon ko fe’i be ɓingel mako gorko mako yawi vallni mo be yahi sibiti. kanjum dunigo les redu ha redu rufugo iyam sosai do alama hattara don na je dada ko bingel ha redu mai dume on alama goddo larata redu mai don damuwa don lekki je darnata naudum mai. ɓe darna iyam mai je naunata bingal mai je naunata bingal mai.,"Daada, joodata ha  fattude amin. Do mari redu je mingel mako didabu. A fuddurde reedu mai komai oyaha daidai, odo nana beldum bingel feere do wara . Amma lewru sedda ko saalido ofuddi nanugo les reedu mako do naawa. Yende naudum mai wadi mo sosai, har daker o darata boddum. Nebai sam, bawo toin ofuddi rufugo eyam sosai . Rufugo eyam mai da no rufata don ba, rufi sosai kuma waati mo chomri odo Sommi. Dai o laari eyam mai, sai o hurtili taani don ko fe’di be bingel mako. Gorko mako yawi vallimo be yahi sibiti. Demde am kanju, dume don watata nawugo les reedu ha reedujo? Rufugo eyam sosai do alaama hattara don na je daada ko bingel ha redu mai? Dumedon alaama goddo laarata redu mai don damuwa? Don lekki je darnata naudum mai na be darna eyam mai je nawnata bingel mai?",http://speech-app.s3.amazonaws.com/static/audio/uploads/a249550d-bcc7-48c3-a9e8-1bbd6f7ad486/8c2360e1822e81d4fada6be76e0f1dee_RZc9f1Qz.wav,"Ɗum ko alama haɗari: so “iyam ɓinngel” rufii e farji ko sakataaji ɓooyaani, ena waawi waɗde infection, jibinannde ko ɓooyaani, walla ɓinngel tampugo.  
Nden ɗebbo haani yahude sibiti law, tawa hoto naatnu junngo/lekki aadaaji e farji, hoto jima’i.  
E sibiti ɓe ƴeewata BP, fippu, ɓernde ɓinngel, ultrasound, e jarrabooji ƴiiƴam/iyam; ɓe hokka antibiotics, ruwa IV, magani mettuɗum, e steroid so reedu belumaani.  
So fever, iyam woni ɗaani/haɗi, ƴiiƴam rufi, mettuɗum ɓeydi, walla ɓinngel hontii dillaade, ɗum ko gila-gila ngam jibinde ɗum walla waɗde aiki gaggawa.",GPT 5.5,gpt-5.5
8d286282-88c2-4db6-9d83-b44e488d498b,fulfulde,fulfulde,Likita joɗata ha sare amin lari bingal mako wala mo sungo boddum je o yidi o musina mo sai bingal mai musina sedda sai yofta bana odo somi dada mai bo hirliti bingal mai wala sembe musungo den bo odo vita wulina sosai ha hore be yeso da kanjum tamba denbo fofugo bingal mai. O ɗo fofa bana yaha dow ɓe ɗo jippa les bana goɗɗo mo hokkata balleji ɗo dillani dada mai ɗo ɓedda damugo o ɗo tamma ko gam ɓingel mai wala musina ko heyata ko ɗon damuwa fere je ɗo hauti be fofugo be wolungo ɓingel mai tos. o vi ha o yaha asibiti o lara likita hoinan mo bingal mako demne ame on latata bingal heba damuwa mo sungo boddum no bingal mai fofata do alama nyau fere don namaji hattara be baba mingal mai hakkilinta dume on watata bingel petel go to ɗo musina.,"Likita, daada joodata ha sare amin, laari mingel mako wala musungo boddum. Dai o idi o musinamo sai mingel mai musina sedda sai yofta bana odo somi. Dada mai bo hirliti bingel mai wala sembe musungo denbo odo fi ta wulina sosai ha hore be yeso. Da kanjum tanba denbo foofugo bingel mai changi. Odo foofa bana yaha do do be do jippa les les , bana goddo mo hokkata bone foofugo. Balleji do dilla ni, daada mai obedda damugo. Odo tamma ko gam bingel mai wala musuna ko heyata ko don damuwa fere je do hauti be foofugo be vulungo bingel mai. Toh sai ovi ha oyaha sibiti olaara likita hauninamo bingel mako. 
 Demde am, dumedon lattata bingel heba damuwa musungo boddum? No bingel mai foofata do, alaama nyawu fere Donna?  Alaamaji hattara toi daada be baaba mingel mai hokkilinta? Dumedon waatata mingel petel vulungo todo musina?",http://speech-app.s3.amazonaws.com/static/audio/uploads/01f98330-4691-445e-b5cd-053c5ce906a0/4e7daa789a8dcfd3dc736d325b81b26a_UmtJityj.wav,"Ɗum ko alamaaji haɗari: ɓinngel no fofa yaawde walla ɓernde no naata les, o wala sembe, o ɗaɓɓaani ɗaɗɗa/njaram, o yartata fof, nguleendi mawndi, walla hunduko/koyɗe no laɓɓi.  
Ɗum ena waawi wonde pneumonia, asma/bronchiolitis walla nyaw sepsis; sabu ɗum ɓinngel haani yahde asibiti jooni, hoto sabbo.  
Haa ɗon yahude, waɗee mo no joɗi ɗow seeɗa, loosen kolte, laɓɓinee hanci so no ɗaɓɓi, hokkee ɗaɗɗa walla njaram seeɗa-seeɗa so o waawi ɗaɓɓude.  
So nguleendi woodi, on waawi hokde paracetamol ɗo doosiiji ɓinngel, kono hoto hokku antibiotics, cough syrup, leppi walla magani ko likita yamiraani.  
So o fota haa o waɗi sowru, o finta, walla o waɗi convulsion, noddee taimako/ambulance ko law.",GPT 5.5,gpt-5.5
a3a8aecf-41e9-4c37-9e58-85cab2862faf,fulfulde,fulfulde,Duɓi a debbo inna mako adda anma amma dare bandi mi hisi mi lari cokali on no joɗo fere mako inla ko inna mako mayi oyida fijugo he komoi fu oyida faddugo ko moi fu o fuɗɗi salaki nyamdu nandi hanowo omilo sanci kunne on hulniyam sai mi wadi daware yarugo mo nyautugo asbiti ko yotti asibiti. Mi likita on na ɗum hala maide en nama korrata mo waɗata wuro ngam mi walamo ko hani ɓingel on heɓa wankta jo na ma ngam o heɓa o nyama ko o fija sakiraɓe mako ko hanni ɗum walliran ma shagoran nyaudugo.,"Duɓi Adeolu sapo(10), inna makọ adda an non. Amma,dere panɗeɗe, mi hissi mi lari ,cukaley on nọ joɗọ fere mako illa kọ inna makọ mayi; O yiɗa fijuki e ko moi fu,   oyiɗa badduko ko moi fuu. O fuɗi salaki ŋyamdu. E ɗun nandi hano o miilo sanne , be ɓerne mako e meti. Uune on hulnni am,sai mi waɗi dabare yarigomo  ƴaudiigu asibiti. Komi ƴotti asibiti,mi ƴamin Likita on ,""  na dun haala maide inna maka torratamo bo?  Koi mi waɗata wuro ga mi walla mo , ko haani bingei on heɓɓa wolwana likitajo nyaudigu ɓerne?, ko hanni mi wannamo ngam mi o heba o ŋaama ko o fijja e sakiraɓe mako  ko haani dun walliramo shaawori nyaundigu?",http://speech-app.s3.amazonaws.com/static/audio/uploads/6c355d41-5efc-4383-a6e1-647f7be7f245/d55dc637310d60277193dfe69c27bd5e_A65DSzAF.wav,"Ɗum ko **alamaji ɗi hulnii**: ɓinngel no salake nyamdu, o fijataa, o waawataa haalude walla o tampii—ina waawi wonde malaria, infection, walla nyawu hoore/kunne; **yo o yahu asibiti jooni**, hoto ɗon njahdu ɗum wuro tan.  
To likita hokki dawaaji, **rew instructions ɗin no feewi**, hoto dartin dawaaji hade ɗum timma.  
Wuro, hokku mo ndiyam laaɓɗam/ORS seeɗa-seeɗa, e nyamdu soft seeɗa-seeɗa laabi keewɗi: pap/kunu ɓeydude nono, mai, groundnut, beans, kifi walla egg.  
Hoto hokku mo ganye/dawaaji al’adah walla antibiotics tawa likita yamiraani.  
So o heɓii seizure, o waawataa yara, o hulaa/waawataa hebbude, o ɗon honto, walla fever ɓurtii—**ruut asibiti ɗon ɗon**.",GPT 5.5,gpt-5.5
780a88ff-c11d-41bb-9f23-6c37350359fb,fulfulde,fulfulde,Debbo mo duuɓi caɓɓande tati dayi minti sedda ko sali dango mai dedai ɗon amma daigel ɗo ɓingel ɗo mari damuwaji manga ɓingel ɗo wala woka boɗɗum denbo wala notitta bana keccel waɗata ɓawo dango ɓingel. Ɓingel mai wokai boɗɗum bo ɗo heɓa bone hafinugo ɓandu ɓingel mai ɗo bana ɗo tiddi ko kuma bana wala dimba no handi ɓingel mai wala nyama boɗɗum be torna mum sumungo dada mai ɗo sakri ngam ɓikkoi mako de sali ɗo. Ɗo woka atake to ɓe danyi ɗum waddata damuwa ɗo goji toi be waɗata ɗo keccel ɗo be kuma mataki gawal toi hosata ɗume on wannata ɓingel keccum ɗo.,"Debbo mo dubi cappande tati dayi minti sedda ko sali. Dayugo mai daidai don. Amma dai be dayi mingel do, mingel do do Mari damuwaaji manga. Mingel do Wala wooka boddum. Denbo wala nootititta bana kejjel wadata. Bawo dayugo bingel mai wookai  boddum bo do hebba bone ha finigo. Bandu bingel mai do bana do tiddi ko kuma bana walaa dimba no haadi. Bingel mai wala yaama boddum be torna mo musunungo. Daada mai do sakli gam bikkoiji mako de saali do bedo wooka, ataake to be dayibe . Dume don waddata damuwa do? Goji toi be wadata do kechel do, be kuma mataaki gwagaawal toi hosata? Dumedon wannata mingel kejjum do?",http://speech-app.s3.amazonaws.com/static/audio/uploads/265e7393-c766-4ed1-9dbe-108fe8ada491/37145d139abce18251d52258917f0874_T9jRqZeT.wav,"Ɓingel ngel no mari maandeeji haɗɗi: sali nyamde/ɗaɓɓude, ɗaɓɓa/ɓandu hollude bone, wala sembe, walla “attack”/jiɓa—ɗum ɗoo ina waɗi ngam yaade hoore mum asibiti jooni.  
To “attack” waɗii, waɗɗee ɓingel ngel e wettere, hoto naatnu huunde e hunduko, hoto jogii mo doole; ɗowee mo asibiti.  
E asibiti ɓe ƴeewata malaria, sukaru ƴiiƴam, ƴiiƴam seeɗa (anaemia), infection, ruwa ɓandu, giiɗe/ƙwari, walla nyamiri waasde.  
Hoto kuutoroo magani gidaaji walla leɗɗe ngam ɗum ina waawi ɓurtinde bone; addanee mo ndiyam/ORS seeɗa-seeɗa so o waawi yarude.  
So o waɗii fefere mawnde, muta-muta, hawni, waasde nootaade, walla ɓandu ɓiiɓude—ɗum ko gawatire, yaa asibiti tuma ɗon.",GPT 5.5,gpt-5.5
99f911f5-20d3-4ac4-9574-b812408eeb47,fulfulde,fulfulde,Debbo ɗo dayi haa amin fajira ɗo veti ɗo o dayi nde o wari jamdi je tati be fajira mo wondi be mako ha sare yani amin vi debbo ɗo ɓandu mako ɗo dimna bo ɗo wuli sosai den bo o do mari damuwaji ko shafi bandu mako je damatamo sosai. Min yahi min laari debbo mai min suddi mo be kare min auni wolugo ɓandu mako min tawi tati min wanni mo godi je nyamo cufi ngam debbo ɗo velnai o nandi malaria min emi mo ko wondi ko o nyami o vi wala ko oya. Min yecci mo wondi be mako be hokka mo sha’i o yara min emi mo o musini handi na sai o vi de o wari mo sungo ɓingel mai sai o tawi keccel mai riwi se min vi debbo mai o umma o joɗa o ɓari ɓawo mako. Babal vallita ɓandu mako hoina seɗɗa ɗo pat nda pat ba amma vallitai bo gite mako laɓin sari mo to nyami ni sai o yara parasita mol to yari parasita mol mai timmi sei min lara dai on handi min hokka mo fahin o ɗo mari malaria ko ma min waɗi mogoji mai us min hokka mo o timmini nyamugo nden bo min sari mo o yara parasita mo tonda o satai to dillai min handi nyau min hokka mo min hokkata.,"Debbo do dayi ha amin fajira do. Veeti do o dayi. Dai owari jambi je tati be fajiri , mo wondi be mako ha sare yooni amin, vi debbo do bandu mako do duina bo do vuli sosai denbo odo mari damuwaaji ko shafi bandu mako je daamata sosai. Min yahi min laari debbo mai, min suddi mo be kare, mi hauni wulugo bandu mako, min tawi 38.2.
Min wanni mo goji be nawu chufi. Kam debbo do velnai, o nandi malariya . Min emmi mo ko woodi ko o yaami, ovi wala ko Oyami. Min yechi mo vondi be mako, be hokkamo shaa’i o yara. Min emmimo o musini hande na? Sai ovi dai owari musungo bingel mai, sai o tawi kecchel mai riiwi.
Sai minvi debbo mai o umma o hoods obaara bawo mako , heba vallita bandu mako hoina sedda da pat ba, amma vallitai bo gite mako Labai. Min sauri mo to yamini sai oyara paracetamol. To oyari paracetamol mai timmi , sai min lara dai don haadi minhokka mo fein. Odo mari malayria kuma min wani mo goji mai . Useni min waawanmihokka mo fein. To o timmini yamugo, denbo min sauri mo o yara paracetamol, tunda o saatai, to dillai ni minhandai yaudinde min hokkata.",http://speech-app.s3.amazonaws.com/static/audio/uploads/337467d4-18ba-42ad-b5a5-5c408cb82954/546cbd31aebd0c1c025d6d19de042c37_IXusi5MH.wav,"Ɗum ko caɗeele: nguleeki/ɓandu wuli, cufi, damuwal ɓandu, gite laɓɓini-sari (jaundice), e ko on wi’i o wari ko nandi ɓingel—ɗum waawi wonde malaria mai tiiɗɗi, hepatitis, infection, walla caɗeele ciki/ɓingel.  
Alaa moƴƴi hokkude “parasita” walla magani malaria haa anndaa; ɗowon mo asibiti hande ngam a waɗa malaria test, PCV/Hb, pregnancy test/scan, urine test, e liver test.  
So o woni ɗaɓɓude ɓingel walla ƴiiƴam/cufi e jonte, ɗum ena waawi wonde miscarriage walla infection, ko emergency.  
Haa on yotta asibiti, hokkon mo ndiyam/ORS seɗɗa-seɗɗa, nyamiri ndiyam-ndiyam, paracetamol tan so nguleeki/damuwal (hoto ɓurta dose), hoto hokka antibiotics ko antimalarial tawa dokita holli.  
So o waɗi jaundice sosai, cufi no ɗuuɗi, heɓa sammuya, naange ɓeewa, walla o metti ɓernde/ɓawo, yahattee emergency jooni.",GPT 5.5,gpt-5.5
71b27612-6180-4a02-8350-9b26bc81f697,fulfulde,fulfulde,Dana kesum ko danya e ha asibiti amen minti cappanɗe ɗiɗi ko waɗi ɓingel waɗi nuɗum danyi woya woya teli nude danya ngel wadai woyade boɗɗum min yiwi fu nanugo mako tidum no bingel delabi tan mi yiwi kadi tamreji mako tidum no alai nalle mako ko dume. Ɓingel kesum waɗi danyi ha ɗa'i waɗa de boɗɗum gele danya harnuje jamu wala doraja. Ɓingel foti heɓɗe e nati wuro ɓingel ko ɗume o wawi kokkude ɓingel ti ko ɗume o wawa hokkude ha irin nyau. ma nyamana enjamgel ma waɗi enjam.,"Binge danyel kesum ko danyaa e ha asbiti amen minti cappande didi ko wadii , Binge Ngel ena wadi no dum  daanii  woori. Tawi gila node daya, Ngel wadaayi woyaade boddum . Min yeewii  numfuaango maako, 
tee dum no waddu . Kono bingel ngel ena nyibi tan . Min yeewii kadi tembereeji maako, tee dum no alaa cedeele. Naamnal am ko :ko dume waawi waddi bingel  kesum wadi no dum daanii haa  woori e wadaayi wodaade boddum gile nde danyaa?
Hol nooje njamu walla jokkondiral ngel bingel nge foti hebde?
inna o arti  wuro e bingel ngel, kodume o waawii hokkude bingel ngel, tee kodume o waawaa hokkude?
Hol irin nyamuduuji inna maa nyaamde ngam o Wonaa e jam, tee bingel ngel maa wadi e jam? ",http://speech-app.s3.amazonaws.com/static/audio/uploads/9d8cfc96-651b-4c4e-b6b7-6301f11d620d/1521c0075746dc48a95911ec85c837b5_PKMlxJy8.wav,"Ɓingel kesum ngal foti wondude e asibiti haa ko 24 sa’aaji ngam ndaaral, hay si o woyi no feewi, sabu ɗum sa’aaji ɗi ɓuri waɗde haɗari.  
Yumma fuɗɗo hokude nono tan ko yaawi—wota hokku ndiyam, zuma, kunu, magani gargajiya walla kosam goɗɗum.  
Ɓingel ngal foti heɓde Vitamin K, ɗowgol puccu/ɗaɗol no laaɓi e no ɗiɗi, e riga-kafi ɗi fuɗɗoowo (BCG, OPV0, Hepatitis B) si ɗi woodi.  
A jogii ngal e hitaande, ɗaɗol ngal yo wonu laaɓngal e ko ɗiɗi; wota ɗaɓɓitina man, mai, toka, ko magani e ɗaɗol ngal.  
Si ngal alaa muuyde nono, huli/ɓuri ɓuuɓde, naange/ɓernde ɓutti, ɗumɗum, jonte, yooro, ɗaɗol wurii/ɓooyii, walla ɓanndu/yiitere laɓɓi rawane, yo njiɗɗo ngal yaawi asibiti.",GPT 5.5,gpt-5.5
e8915206-af8a-409f-a309-ae147e55f287,fulfulde,fulfulde,Dada danyi keccel sati ko sali ɗo o fuddi larugo iyam sedda sedda ha ɓandu mako amma balɗe o dillai o lari hundeji ko nandi redu be iyam ɗo vurta wakkati fere nda ɓingel mai ɗo chanji den bo dande mako ko o mari vodai. Nden bo o handi dada minto sedda sedda ha les jaburu mako bo kullum to o lari alamaji do darnde mako do saka odo tampi ko irin damuwaji do don fedata bawo dango ko damuwa fere don yende je oi. Asibiti be o ɗo valla be daadiraɓe feere sai o nani ta ɓe hoosa mere kala hundeji ɓe laari fu feata ha ɓandu maɓɓe kanjum waɗi mo o yiɗi o laara likita o volde dem ndiyam duniya on waddata irin hundeji ɗo ɓawo danyugo wawan nawugo lesre to alama yahugo namaji toi. kesum handi wata hakkilo ɓawo dayugo mataki toi ɗada ɗo handi tokka heɓa nyauɗo heɓa mo ta nyauɗo heɓa mo.,"Daada dayi chekkel saati didi ko saali do. Ofuddi larugo eyam sedda sedda ha bandumako . Amma baldeji odilla ni, olari hundeji ko nandi reedu be eyam do vurta. Wakati feere daada bingel mai do changi. Debbo daade mako ko omari vodai. Denbo o handi daada bingel do odo mara nawugo redu sedda sedda ha les jaaburu mako. Bo kullum to olaari alaamaji do berde mako do sakla. Odo tampi ko irin damuwaaji do nonnon fedata bawo dayugo ko damuwa fere don. Don yedde je o yahi sibiti, be odo volla be daadiraabe fere, sai o Nani ta be hosa mere kala hundeji be lari fu fedata ha bandu mappe. Kanjum waddi mo odi olaara likita ovolwina be.
Demde am dume donwaddata irin hundeji do bawo dayugo? Waawan nawugo les reedu alaama ye’u don na?
Alaamaji toi daada kesum haadi wata hakkilo bawo dayugo? Mataaki toi daada do haadi tokka heba ta ye’u do heba mun?",http://speech-app.s3.amazonaws.com/static/audio/uploads/73bc774a-868f-4bf5-8325-519385d1ece0/5b3c90fb472e1135f877781013b09339_vKdBGbmx.wav,"Alamaji ɗi a siftii—ɗufte/ɓirta ndiyam e hunduko, dande ko wa’i no jogii, hulde ndiyam, damuwa/tampere—ɗi mbaawi fota e **rabies** ɓawo ɗaɓɓere rawaandu, kadi jarrabooji asibiti ɗi mbaawi wonde “normal” kono rabies ɗon woodi.  
So alamaji ɗi fuɗɗii, rabies ko nyaw bonɗo ɗo keewi ɗaɓɓude yonki; yahaa **emergency/asibiti mawɗo jooni**, hoto ɓooy.  
So ɗaɓɓere ndee ko hesere, wuddo gulɗo ndee e saabulu e ndiyam ɗo yahata miniti 15, ngam heɓa **vaccine rabies** balɗe 0, 3, 7, 14, e **rabies immunoglobulin** to gulɗo so gulɗo no tiiɗi.  
Hoto haɗ vaccine sabu rawaandu ndee no ndaartee balɗe 10; tetanus e antibiotic no waawi soklude.  
Hoto mem ɗufte mako; kala mo saliva mako naati e gulɗo, hunduko walla gite, o yahaa heɓa kariya rabies.",GPT 5.5,gpt-5.5
b90caa08-e1f9-4e0e-890d-5e95aa066144,fulfulde,fulfulde,Debbo fere kam waddi bingel mako mo dimbi tati asibiti be laramo hande subaka ko be halibo eketo yimɓe olo wani binge on tatata kosam o larata goddo fere mo wolwal tamo heddi inde mako o sota mo damai ha noi masan hingare jungo nyami debbo on cokali on medi hiɓugo badde na mako. O meda himɓe baɗɗe minbedi men cokali heɓi jaɓugo kala batel mum ha tummude ko o fotti noɓugo bana no inna mako waddi redi nyaudugo ɗum min kotoltol laɓii mingew on jarbi bate mako pat feiti. Innde cukali on ingol wala paɗɗe o jaɓi bate pesode mako pat ko dami cu.,"Deɓbo fere kam wandi ɓingei mako mo duuɓi tati asbiti ɓelaramo ande subaka.
Ko ɓe halibo, ike tọ ƴiɓẹ wolwani ɓingei on,o tonta takọ sam, ọlarata gọdọ fẹrẹ mo wọlwatamọ,e ta nọdi indẹ makọ ,ọsọŋata,mọ damai   hanọ ọnai naima sam.
E ndẹr ƴamai  ŋgal, ƴammi  debbo on ,  ""cukalei on mẹɗi hebki paɗɗe na?""  Inna makọ wi'i ,ọ meɗa hebki paɗɗẹ. Meen ɓedi men ƴamimo "" cukalei ngei heɓɓi  jaɓɓukọ kala baatẹ  pesoode mun  a timmuɗẹ , ko o fotnoo hebki bana nọ inna maakọ waddi?' Ereeji ŋaudugol  din min kuutọrto laaɓini,ɓingei on jaɓi baatẹ mako pat .
Mi ɓedi mi ƴami: "" kọ fayti  huunɗẹ cukalei on ,ngel wala paaɗɗẹ e ọjaɓi baatẹpesoode makọ pat,kọ daami cukaley ọn?",http://speech-app.s3.amazonaws.com/static/audio/uploads/4a044283-803f-4c41-be8f-d5745fa9224a/d5fdeff9cd0db445b689eb66990458be_QSvlABCT.wav,"Ɗum no yiɗi hollugo **nyaw kuugal/ɓillaare ɓalli (kwashiorkor), ɗum ko severe acute malnutrition**—jaɓɓugol ɓandu kala, reedu mawɗo, e tawde jarribooji feewi, ɗum wonaa sihiri.  

So tawii **jaɓɓugol ɗon haa ɓandu kala (oedema +++)**, cukalel ngel foti **naatnude asibiti** ngam ñaawndee e reƴƴinde: suusde hypoglycaemia/hypothermia, antibiotik, kosam F-75, ɗoon ɓuri si tawii o waɗii moƴƴere.  

Ɓe waɗaama **RUTF/Plumpy’nut** tan so jaɓɓugol ko seeɗa/min (oedema +/++) e cukalel ngel ena ñaama, wala fever walla nyaw ɓuri.  

Inna mako waɗaama pellital: waɗde nyaamdu moƴƴere, ñaamndude heen heen, e rewde ɗum e asibiti haa jaɓɓugol ndiyam ɗon ustoo.",GPT 5.5,gpt-5.5
1a002373-faf1-4e16-826e-6df369cca5ef,fulfulde,fulfulde,Ɓe waddi debbo fere sibiti hande fajira ɗo iyam ɗo rufa ha maako sosai pat kuma ɗo sakli ta seɗɗa ɓe emi mo ko irin ɗo meɗi feɗugo be mako o vi meɗi feɗugo de ɗiɗi ko sali de fe’ata o ɗo nana. Na'um dembo iyam mai rufata a rufata ko redu on rufata o vi o anda ko o don mari redu ko odo vidu be em de o lari al ada mako o vi nebai ko o lari. Ovi o lari bana lewru gotel be reta bako rufugo iyam ɗo hande fatira puseni ɗum watata debbo rufugo iyam sosai ɗo banni mataki dagge hosata yaundi hokkata debbo ɗo. Hisnu yonki mako be darnata iyam mai lekkiji toy be bateji be hokkata mo je darnata iyam mai.,"Be waddi debbi fere sibiti hande fajira do, eyam do rufa ha mako sosai fah, kuma do sakli mo daa sedda. Be demi mo, ko irin do meddi fudugo be mako, ovi medi fudugo de didi ko saali. De fedata odo nana naudum, denbo eyam mai rufa ta’a rufa ta’a. Be ummi ko reedu don rufata. Ovi o anda ko odon no mari redu ko odo bee redu . Be emmi dai olaari al haada mako , ovi nebbai ko o laari .ovi o lari bana lewru gotel be reeta boko rufugo eyam do fuddi fein hande fajira. Useni dime don watata debbo rufugo eyam sosai do banni? Mataki gwagaawal toi hosata? Yaudigi toi hokkata debbo do hisnu yonkimaako be darnata eyam mai?
Lekkiji toi be baatedi toi be hokkatamo je darnata eyam mai?
Kuma hownugo toi be waawata be wadda, be hefta dume waddi rufugo eyam kulnidum do?",http://speech-app.s3.amazonaws.com/static/audio/uploads/e706871e-2885-4c80-ad52-4873b8fa79fa/8ec82bf62749bcaac51913a6970dc7a2_EbCdRQ1X.wav,"Debbo ɗo rufata iyam sosai e muusɗe reedu, eɓe waɗi mo ngam **haihuwa/roŋko woni** haa nde laɓɓini—haa huunde feewi, ɗum ina waawi wonde **ɓinngel ɗon seŋi (miscarriage)** walla **ciki ɗon ɗaɓɓi leydi reedu (ectopic pregnancy)**, ɗum haɗii yonki.  
Mataki adii: **a waɗu vital signs**, waɗu **IV line ɗiɗi**, hokku **normal saline/Ringer lactate**, waɗu **PCV/Hb, grouping & cross‑match**, e **pregnancy test**, ngam so iyam heewi a ɗaɓɓita **jini**.  
Ɗaɓɓita consent ngam **duba farji/speculum** e **ultrasound**; so miscarriage incomplete ne, likita waawi waɗude **MVA** walla hokku **misoprostol** e antibiotics/pain relief; so ectopic ne, o yiɗi **operation/urgent referral**.  
To o ɗon rufude sosai, o ɗon fita, BP lesɗi, ko o ɗon hoosude, **hoto mo gila ɗo emergency/gynae theatre**—wonaa lekkol tan ngam darnude iyam.  
Alaa no a hokkata “tablet darnata iyam” ko feewi tawa a anndaa sabu, sabu ɗum waawi suuɗde bala’i e ɓeydude haɗari.",GPT 5.5,gpt-5.5
4423cbe0-a4db-4778-948d-3a5fa0e78a09,fulfulde,fulfulde,Ala bukum vi ɗo yi'a daure kanjum be comre bo hore nawata mum ɗo haɗi mo juɗe ɓeldi sati ɗiɗi ko sali o wala ɗana jamma boɗɗum sam kosɗe mako ɗiɗi be juɗe mako be yeso fu pat ni ɗo futi. O ɗo tani habda be mai ɓe sarimo o yara hundeji fere ni amma dai fu pat wala ko hoini sam amma ni ɓe vi mo o tammi waɗugo dama ɓe lari mo nda ɓe vida ko shafi nda ko shafi fofugo ɗon ba. Ko handi ni vita ko ɗume manga ɗon bana o ɗo faɗa skul wala bone sembe iyam ma ko fu be auni ɓe tawi onret gam mai. Be vi o siwta be wadi sembe iyam mako fahin be tawi on fifti ovati be lari bo odo be redu to sai be hokki mo lekki je sembe iyam mako do va’i je marɓe redu gam lekki mai wala damuwa ha jaumu redo be yecci mo Kala hundeji fu je o watta bandu mako hundeji tornata mo sosai watata sembe iyam mako bedda amba ɓawo hundeji ɓe wanni irin jamu redu ɗo je ɗo mari namugo hore kullum be uppugo yeso mataki toi hosata ha dou redu. Tatta har debbo ɗo jima.,"Alabukun vii,  odo ye’a dowre , kanjum be chomri, bo hore naawata mo do hadi mo jode belde. Saati didi ko salli, o wala naaana jamma boddum sam. Koste mako didi be juude mako be yeso fu pat ni do puuti puuti. Odo tani habda be mai. Be saurimo o yara hundeji fere nii, amma dai fu pat walaa ko hoini sam. Amma nii be viimo o tammi waddugo daama.
Be laari mo bevi daa ko shafii foofugo don ba. Ko haadini beda be wadi, be vii da kodume manga don bah. Odo fada eskal wala bone. Sembe eyam mako fu be hauni be tawi 168/100.  Gammai bevi o suita , be godi sembe eyam mako fain be tawi 150/90.
Belaari bo odo bee reedu. Toh sai be hokki mo lekki je sembe eyam mako do fadi, je marbe reedu, gam lekki mai wala damuwa ha jaumo reedujo. Be yechi mo kala hundeji fu je owatta, bandamo hundeji tornato mo soosai  watata sembe eyam mako bedda. Demde am ba, bawo hundeji be wanni irin jaumu reedu do, jedo mari nawwugo hoore kullum be uppugo yeeso mataaki toi hosata hado reedujo do, ta  ye’u yotta har debbi mo do jima?
Be kuma dume don jaumu redu wadata da yotta irinbanni bako owonna banni?",http://speech-app.s3.amazonaws.com/static/audio/uploads/e6fc6d6a-6f3e-4be2-b78d-2e1d770c801e/d57b9cb9d5cea86ec4327ac7d10e0e10_Jfw0zUq5.wav,"Ɗee ɗaɓɓe ɗe a holli—futtiingo yeeso, juuɗe e koyɗe, naange hoore, ɗaanaaki, e “BP” to 150—ina foti waɗde **bone reedu-kidney walla hawan jini mawɗo**; so debbo on ina jogii ciki, ina foti wonde **pre-eclampsia**, ko haɗiinde ɗo mawni.  
Ɗum waawataa habde e lekki gida walla “herbs” tan; waɗee mo **gila hande** to asibiti mawɗo/ER ngam waɗde BP, fitsari protein, urea/creatinine, electrolytes, full blood count, malaria, e pregnancy test.  
So o heɓii ɗoyngol, miijo yahugo, ɗaɓɓere, fitsari ɗo ɓeydii/seɗɗa, ko ciwon kirji/numfashi—ɗum ko emergency.  
To asibiti ɓe njogoto mo lekki hawan jini/diuretics walla maganin ciki no haaniri, sabu ngam a hisna kammu e reedu mako.",GPT 5.5,gpt-5.5
070402f8-05b1-468e-bb31-930b2f90e3c6,fulfulde,fulfulde,Ɓawo mi dayi bandu am fuɗɗi hoinugo kirinni min dadai en wala ndiyam laɓɗam ha fattude en yiɗi mi yiwa kullum kullum ndiyam be dotti min naftirta min ma fa. Hakina hore amin ɗo yiwa boɗɗum to kigi fere bo wari min nana belɗum ɓandu amin fuɗɗi nanugo jagol be bandu am fuɗɗi dimugo kulum nda min ɗo nana jangol bo hauti be bandu amlai fahin semiti iyam je vurtata bawo dayugo. haccenga min nanata daga totton bo valai bo haccega mai dudi bo medai fedugo be am mi kasitugo giteam daga totton de mi ummi sei don mi yahi sibiti mi’ama ko diyam laɓɗam je min naftirta mi yiwa be mai kanjum. waddata kala wodago.,"Bawo mi dayi , bandu am fuddi hoinugo , kikide fere ni minumi, tunde dai en wala diam labdam ha fattude amin, to idi mi yiiwa kullum kullum diam be dotti , minaftirita , mi numii amma fah haadi ni mido hakkilona hore am mido yiiwa boddum. Toh kikide fere bo wari , mi nanei beldum bandu am. Mi fuddi nanugo jaagol , be bandu am fuddi dewnugo kullum kullum . Da mido naana jaagol, bo hauti be bandu am vellai fein. Se mi hirliti eyam je vurtata bawo dayugo don hacchega mi nannata daga ton bo vellai bo. Hacchega mai duudi bo meddai fudugo be am  bo. Mi kaasi ittugo gite am daga totton. Dai mi ummi, sai don miyahi sibiti mi emma ko diyam labdam je mi naftiri ta mi yiwa be mai kanjum don waddata kala yeu bawo dayugo.",http://speech-app.s3.amazonaws.com/static/audio/uploads/a89fb6be-d253-468e-a30f-fbbc5ffd979d/1c55787ba76b985398d0ced24232e4bc_6kSfBV8k.wav,"Alaamaaji ɗi kaalɗaa ɗii ena mbaawi iwde e ndiyam ɓuuɓɗam/ɓurɗam: hoore nawa, ɓandu yuli/yahɓa, waasde semmbe, joonde, walla jiiɓugol/moccal rewɓe e ndiyam (schistosomiasis) tawa ngam ƴiƴam walla miiji ina yaltata caggal yiɗugol.  
Kono joonde be hoore nawa e dimmugol ena mbaawi wonde malaria walla typhoid, sabu ɗum sey a yahu sibiti ngam test malaria, Widal/culture, urinalysis e stool test.  
So ƴiƴam, naaɗe, walla miiji ina yaltata e ɗiyam, walla ɗum ina sattina yiɗugol, yahu sibiti jooni—hoto njogi lekki aɗa soodi tawa test alaa.  
Hakkil: daf ndiyam walla huutora “Water Guard/chlorine”, suɓu ndiyam laaɓɗam, hoto lootoro e maayo/ruwa dotti, huutora mosquito net ngam haɗde malaria.  
Likita maa waɗa magani ɗum foti—so schistosomiasis woni, praziquantel; so malaria, ACT; so infection ɗiyam, antibiotic ngam test.",GPT 5.5,gpt-5.5
4af82849-4342-407a-a297-a30633dd2ca0,fulfulde,fulfulde,Addirawo on danyi ɓingel debbo balɗe sali sei o lari ba kala wakkati o musinta mo o wala fofa boɗɗum wakkati fere ɓingel man yofta kosam bano fude mako ta’i de wore dada ɓingel timmini mu be jemma sei o lari leɓi ɓingel ba wailiti sedda sedda sai o tamppi ko o waɗata sai o waɗi ɓamtugo ɓingel man ngam o heɓa o fofa boɗɗum amma bo ɓingel gagiri fofugo boɗɗum. lebbi bingel man sei o yawi o hosi bingel o yari asibiti gam be lari na bingel mai dume on chanjini bingel man leppol nden bo wala ibe no bingel fofata na ko bo nyau ɓerde walla nyau hanta dasinta bingel man fofugo be bone dume on alamaji kalludum je saroji watinta hakkilo dume on agaje be wawata hokkugo bingel mo fofata be bone.,"Addirawo am dayi bingel debbo balde sali ,sai o lari ba kala wakkati o misinta mo o wala fofa boddum,wakkati fere bingel man yofta ta kossam bamo pofde mako ta ee,yenda wore,dada bingel timmini musungo mo be jemma,sai o lari lebbi bingel ba wailiti sedda sedda,sai o tampi ko o wadata,sai o godi bamtugo bingel mai gam o heba o fofa boddum,amma bo bingel gagiri fofugo boddum,be bo chanjugo lebbi bingel man,sai o yawi o hosi bingel o yari asibiti gam be larinamo bingel mai,
Dume on chanjini bingel man lebbal?
Denbo wala aibe no bingel fofata nah?
Ko bo yauw berde walla yauw hanta dasinta bingel man fofata be bone?
Dume on alamaji kalludum je saaroji watinta hakkilo 
Dume on aagaji be wawata hokkugo bingel mo fofata be bone",http://speech-app.s3.amazonaws.com/static/audio/uploads/d41322bf-a0c6-4499-acc3-c40f67587815/f85138fdf93e7d827340b342c9888acd_iNKJQ5F2.wav,"Ɗee alamaji—ɓingel waawataa muynugol, kosam yaltata e kine, o tampata—ɓuri fota yi’ude e **ɓollaare dow hunduko (cleft palate)**, hay si leɓɓe makko mbaɗaa no feewi; kono **nyaw ɓernde** walla hendu/Pneumonia kadi ina waawi waɗde ɗum.  
Yo on naɓu ɓingel **asibiti ɓiɓɓe ko gorko dokita** hikka ngam ndee hunduko, ɓernde, hendu, oxygen e kilo ɗe njiytee.  
Hade on yahde, on hokku mo **kosam inna mum ɓamtaaɗam** e cuudi/spoon walla syringe seeɗa-seeɗa, mo woni dow ɓernde/upright, hoto on wallu mo fofugo.  
Si o fuɗɗii hendu no yaawi, o ndimmii/blue, o tampii haa waawataa yara, nguleeki, walla o yawnataa—ɗum ko **gawatirde**.  
Hoto on hokku lekki walla saroji ɗi dokita waɗaani, sabu lekki heddii e nyaw ɗin ndaarotaako ina waawi haɗde ɓingel.",GPT 5.5,gpt-5.5
9635323b-799b-4cd6-8021-a6ffbaa45c7a,fulfulde,fulfulde,Debbo jomo redu redu man lebbi jego min ɗo windi sare gotel fuɗɗigo dow ɓernde mako do fiya be lau a vi mo timmini do go jotta wakkati fere bo o ɗo soma ko o huwai ko ɗume denbo jungo mako do hautidira sedda satiji sali sedda o lari dande mako do uppa hedi yeso sai o hutiri o do numa do kam do nder nyau damata jou redu na ko bo dum nyau fere on sai o taski yahugo lara likita gam o anda dum nyaudo. Emol hado ɗume on waddini debbo redul jodo fiyel berde be lau lau do a viya mo timmini dogugo dembo dume on sanadu uppugo dande do irin nyau do kam wawan mema maunugo bingel redu mako do na dume on alamaji kalludum je be watinta gite hasare ba irin nyamduji ko kuje yare yareji on handi o dayinta ko bo wodi je ko beddata nyamugo ha irin wakkati do.,"Debbo Jomu redu reduman lebbi jego,mindo wondi sare gotel,fuddi hirrugo do berde mako do fiya be lau lau,aviya mo timmini dongugo jotta,wakkati fere bo o do soma ko o huwai ko dume,denbo jungo mako do hautidira sedda,satiji sali sedda o lari dade mako do uppa heddi yeso,sai o hultiri,o do nummado kam do der yauwu damata jomu redu nah ko bo dum yauwu fere on,sai o taski yehugo lara likita gam andugo dume sanadu yauw do.
Yammol ha do ,dume on waddini debbo redujo do fiyal berde be lau lau do aviya bo timmini doggugo?
Denbo dumme sanadu uppugo dade do?
Denbo irin yauw do kam wawan meme maunugo bingel redu mako do nah?
Dume on alamaji kalludum je be watinta gite ha sare?
Baa Irin yamduji ko kuje yare yare ji on hadi o dayinta ko bo wodi je ko o bedda ta yammugo ha irin wakkati do?",http://speech-app.s3.amazonaws.com/static/audio/uploads/257a211a-4acf-4d33-8bb7-91688f6a9a9b/1ea100091a79bf0b747085b28fca44eb_bEahFB2U.wav,"Ɗee alamaje—ɓernde fiya law-law, tampere, jungo dimbude, ɗande/koɗol ɓeydugo—ina fitinaade nyawu **thyroid/goitre (hyperthyroidism/Graves)**, kono anemia, malaria walla nyawu ɓernde maa ina waawi waɗude ɗum.  
Debbo reedu o yahdu **asibiti/ANC ɗoon ɗoon** ngam a waɗa BP, Hb/ƴiiƴam, malaria test, ECG so woodi, e test thyroid **TSH/Free T4**; hoto o huutoro lekki walla maganin gargajiya ɗooɗɗum.  
So thyroid ɓurti, likita ina waawi hokku mo lekki kisɗo e reedu; so a woppii, ɗum waawi waɗde zubar ciki, haihuwa ɗooɓɗo, bingel ɓurta famɗude, BP reedu, walla heart failure.  
Alamaaji haɗari: numanɗe/henndu ƴeewde, ciwon ɓernde, fenteede, fever, amai ɗuuɗɗum, ciwon hoore mawɗo/yiite mum woni leydi, ƴiiƴam jippa, walla bingel dilli famɗi—yahdu emergency.  
O nyaamu nyamduji celluɗi e protein, folic acid/iron ɗum ANC hokkata, huutoro gishiri iodine no feewi; o fanyina coffee/cola/energy drinks, hoto alcohol/sigaare, e hoto o ɓeyda iodine walla herbal drugs.",GPT 5.5,gpt-5.5
439a3510-6994-4c54-a354-9f8e39e17b9d,fulfulde,fulfulde,Mi hakkili ko am pertiido mo vowi fijigo be sobirabe mako sanji wakkati gotel jotta hanko tan jodata ha sudu mako kullum o acci yewtogo bo o wala fala ko vowi yidugo mi hakkili bo ko min je woni sare o yida nyamugo be amin odo nandi mo woni der bella ko chamri kala wakkati fu kadi dume on wawata latata sabulu dasugo bandu mako be sobirabe mako wawan lata metol berde on. kotorugo hakkilo on damata mo hertoi min wawata valliugo mo gam siyo mako warta be alamaji toi handi en hakkila handi o lara hokko o shawarana ko likita mo andi nyawuji berde.,"Mi hakkili miko am pertido mo vowi fijugo beh sobirabe mako canji wakkati gotel. Jotta hanko tan jodata ha sudu mako kullum. O acci yewtugo, bo owala fala ko o vowi yidugo. Mi hakkili boh ko minin jeh woni sare, oyida yamugo beh amin . Odo nandi mo woni der billa koh chomri kala wakkati fu. Kadi, dume on wawata lata sababu dasugo bandu mako beh sobirabe mako? Wawan lata mettol berde on na koh torrugo hakkilo on damata mo? Her toi min wawata vallugo mo gam seyo mako warta? Beh alamaji toi handi en hakkila? Handi o lara hokko shawara na koh likita mo andi nyawuji berde?",http://speech-app.s3.amazonaws.com/static/audio/uploads/543e4e17-d941-44de-9941-31053b439bff/5772c7694127b69c21dfd7539161b906_4ZadKFma.wav,"E alamaji ɗum, ɗee alamuuji—jooɗii e suudu, haala woodaani, yidugol geɗe ɗe o yiɗnoo woodaani, nyamugol famɗii, yeewugol/woodugol weltaare—ko ɓuri nanndude e **nyawu hakkillo/depression** walla nyawu goɗɗo; ɗum wonaa laawol walla bonugol.  
Kono sabu metol ɓernde, tampere, walla ɗaɓɓere ɓandu, yo on yahdu e **asibiti/likita** ngam ƴeewtagol: malaria, anemia, infection, thyroid, substance, e nyawu ɓernde.  
So o waɗii metol ɓernde mawɗo, hoto woni hendu, faanɗi, yaram wala nyamugol, walla o wowli fii bonnugol hoore makko—**yahdu e emergency jooni**.  
Hakkilinan on mo no ɓuri: haalanee mo no ɗooɗi, hoto on jooɗo mo gooto, ittee dawaaji/guba/kaafahi e juuɗe makko, ngam suudu makko woni kisal.  
Likita maa waawi hokku mo shawara, ƴeewtagol ɓernde, e so ɗum depression, walla jokkude e mai-lafiya hakkillo/psychiatric nurse.",GPT 5.5,gpt-5.5
98e022a6-3280-419c-b6d4-0f2396fedf7b,fulfulde,fulfulde,Dada ɓingel fere ɗo dami hala keccel mako mo mari laru je tati bei nange ɓingel mai pijal boɗɗum amma to jemma waɗi sai o fuɗɗa tari tari mai ɗo ummina keccel man daga ɗo yiɗi mako bo keccel mai wokan diga ɓawo ha iri kala jamma ɗo dada mai lari ɓingel man ɗo fufa be lau bo ɗo habda fofa mai ma dada mai kasi danugo ngam o hutiri defadira waɗi dada mai hakkilri ɓingel mai sali musun. fijugo no o vowi sai o yari keccel mai ha likita ngam o yiɗi o anda ɗume on haddi sitta tari man bo ko waɗi o ɗo fofa be bone bo o anda iri kala lekki toi e wannata bingel man lamɗol am ko watata ɓingel petel tari sosai be jemma bo hada bingel man fufugo boɗɗum wawan wada tari be bonede fofugo man alamutu ɗume bei ɗume wawata wadugo ha sare heɓa keccal man ɗaana boɗɗum jemma.,"Daada ɓingel fere ɗo daami hala kechel mako mo mari lewru jetati. Be naange, ɓingel mai fijan boɗɗum, amma to jemma waɗi se o fuɗɗa tari. Tari mai ɗo ommina kechel man diga ɗoiɗi mako, bo kechel mai wokan diga ɓawo. Ha iri kala jemma doh, dada mai laari ɓingel man ɗo fofa be law bo oɗo habda fofa mai ma. Dada mai kaasi ɗaanugo gam o hulturi. De fajira waɗi, dada mai hakkili lari ɓingel mai sali musunugo bo o sali fijugo no ovowi, se oyaari kechel ha likita gam oyiɗi o anda ɗume on haddisitta tari man bo ko waɗi oɗo fofa be bone bo o'anda iri kala lekki toi ewannata ɓingel man. Lamnɗol am: ko watata ɓingel peetel taari sosay be jemma bo haɗa ɓingel man fofugo boɗɗum? Waawan waɗa taari be boneeɗe foofugo man alamu huttu? Ɗume be ɗume ewaawata waɗugo ha saare heɓa kechel man ɗaana boɗɗum jemma?",http://speech-app.s3.amazonaws.com/static/audio/uploads/613d2683-85de-4c67-9096-827184b2ebdd/5ae6765e8eade4159e4f5137883c57e1_NHp9iyFv.wav,"Tari mo waɗata ɓingel jemma haa lewruuji/ɗum ɓurii, seriyaaji, wonaa huunde nde a fotata ɗaɓɓude lekki galle tan; ena waawi wonde asma/allergy, mura ɗo yaltina ruwa e hondu, reflux, pneumonia, TB walla tari-wuumi.  
Yah e asibiti/likita ngam a yiya fuffugo mako, a ɗonɗa kirji, a waɗa bincike tawa ko haaju—ko ɓuri si ɓingel ko tokooso walla o ɗo fufa.  
E galle: hoto hokku “defadira” walla sirop tari tawa likita yamiraani; hokku nono/ndiyam seeɗa-seeɗa, waɗu o ɗaani hoore ɓamnde, woɗɗit sigareeti, ƙura, turare, ɗumare, tee a laɓɓina hondu mako da saline drops.  
Si o ɓurii hitaande 1, zuma seeɗa waawi wallude tari jemma; amma si o famɗii hitaande 1, hoto hokku zuma.  
Si o ɗo fufa no sattii, fuffugo ɗo sattini/wawan naati kirji, wulngo, o sala nono/nyamde, o ɗo ɗoyɗi, ɓamde, laɓɓi ɗiƴam, walla tari ɗo ɓeydude—yah asibiti jooni.",GPT 5.5,gpt-5.5
662d0f80-5975-44c8-b91f-e79e040b4d70,fulfulde,fulfulde,Rawandu ngati bingel bandan dubi mako je didi rawandu mai gati mo be yahi ha gargajiya goddo gargajiya ta’i babal mai sai wati lekki fere inde majum abboro amma jonta babal rawandu mai gati fuddi vurtungo dammutore bo ɗuti en yacci ɓe yara mo asibiti pusani iri kala ri ɓe wannata bingel ɗo o wawan heɓugo ngam rawandu mai ko da rawandu mai ɗo dama bo iri safande toi hani a wanna bingel petel ɗo mawandu mai wannai mo il fere ha bandu mako.,"Rawaandu ngati ɓingel ɓanɗam. Duɓi mako je ɗiɗi. De rawaandu mai gati mo, eyehi ha gargajiya, goɗɗo gargajiya ta'i babal mai se wati lekki fere inde majum 'aporo'. Amma jonta, babal rawandu mai gati fuddi vurtungo namputere bo ɓuti. En yechi ɓe eyara mo asibiti. Useni, iri kala lirore toi ewannata ɓingel ɗoh? Owawan heɓugo wuttaandu gam rawaandu mai, ko da rawaandu mai ɗo daama? Bo iri safande toi haani ewanna ɓingel peetel ɗo? Maandu rawaandu mai wannai mo illa fere ha ɓandu mako.",http://speech-app.s3.amazonaws.com/static/audio/uploads/d32f5e72-b75a-438a-aaa1-0f3e49e2ad25/d1317d919f7ad32aa7e02bea784f5e2e_254txzZC.wav,"Bingel nde rawandu ngati, ko haaju yaaɓde asibiti ɗon ɗon, ngam haɗde **rabies** e jawdi haɓɓere.  
Likita yo lootira haɓɓere ndiyam/saline, itta lekki gargajiya ɗo, ɗewtina so ina waɗi pus, ɗokka **antibiotic** (sanda amoxicillin-clavulanate) e **tetanus injection**.  
So ngamre nde ɓuri huutora walla rawandu naati leɗɗe/ɗiye, bingel ɗo ina haani heɓde **rabies vaccine** jooni, e so ngamre nde tampi/ɓuri saayi, ina haani heɓde **rabies immunoglobulin** a kewri haɓɓere.  
Rabies vaccine hawan ɗon ɗon: ɓesngu 0, 3, 7, 14 (e ɗum 28 so dokita wi’i), awa nde walla yaltina ko rawandu mo ina yuɓɓi.  
Wonaa feere gargajiya walla lekki fere a haɓɓere; so bingel waɗi hitaande, jonte, pus, ƴiiƴam, walla naange, wartu asibiti ɗon ɗon.",GPT 5.5,gpt-5.5
7af2af64-2808-4bf4-a259-49c62c4a9b64,fulfulde,fulfulde,Debbo darnajo ɗo jogi ɓingel mako de o lari zazzabi nangi gal mai non non tan fuɗɗi dimbugo bingal mai do wada jinl wala der hakkilo irin nyautoi hebi bingel dadalgu sumdo be irin hakkulungo hakkilinta bingal do.,"Debbo jarmaajo do jogi bingel mako , de olaari zaszabi nangi gel , bingel mai nonnon tan fuddi dibbugo .Bingel mai do wada jindol owal der hakkilo . Irin yeu toi hebbi bingel daada  musunoddo do? Be irin hakkulingo toi hakkilinta bingel do?",http://speech-app.s3.amazonaws.com/static/audio/uploads/4e944aa2-b594-4fe7-bac1-5709e3f206d4/445167f8000db8be0f36ff93faaad782_UdH9lVGh.wav,"Ɗum ena waawi wonde **jinl/zunzuma sabu zazzabi** (febrile convulsion), kono **malaria mai tsanani, meningitis walla infection** ma ena waawi waɗude ɗum.  
Ɗum ko **haɗari**, a waɗa haraawa: **naatinaa ɓingel ngal asibiti/PHC jooni-jooni** ngam a ɗon ƴeewta malaria, sugar, infection, tee a waɗa magani.  
So ngal fuɗɗii dimbugo, **ɓennu ngal e sawru/side**, ittude ko woni e hunduko, **woto njaru ruwa ko magani e hunduko**, woto njogoo ngal haa sembe.  
So dimbugo ngal ɓuri **miniti 5**, walla hakkilo makko artataa, walla wuurngol/mettitgol neck, ɗum ko **emergency**.",GPT 5.5,gpt-5.5
05d40662-2ac2-4b71-88a4-87bf41b6ca15,fulfulde,fulfulde,Dada mu suno bingel mako kuma o do larani bandu bingel do wula wakkati bo da lori vi o yidda saali o yi bandu bingal mai gabaki daya tid sai o faddi bo o anda ko daya bol mako do mabbi. Gam kujeji ɗiyam ɗo vurtina mo ha hunduko kuma ɓingal mai wawata maɗa kala nyiri fu jotta oɗo ema elkita ko irin ɗo o maran nyauɗo maran dama kuma be irin nyau ganɗi ko o wawan o heɓa batal. Koje gargajiya be sabulu gargajiya ɗon ɓe naftirinta ɓingel be iri nyauɗo ha vurti.,"Daada musunoodo, hirliti bingel mako kuma odo laara ni bandu bingeldo, dowula wakatigo . Daada lori vi oyi bawoo awaa sedda saali oyi bandu bingel mai gabaakidaya tiidii se o faddi. Bo o anda ko leebol mako do mappi, gam kujeeji diam do vurtinamo ha hunduko. Kuma hingel mai wawata moda kala yiiri fu.
Jotta odo ema likita ko irin yeu do maran daama, kuma be irin yeu toi ga nandi, ko owaawan oheba  baatal koje gargajiya be sabulu gargajiya don be nefartirinta bingel be irin yewu do, ha lenyol o furti.",http://speech-app.s3.amazonaws.com/static/audio/uploads/505092e3-9608-4beb-98d8-d8aeb0a16945/88f1715c0c0a0e58e1d81a3b7eabeb44_DKJjG7gE.wav,"Ko ɗuum ngal o hollata no **farfadiya/seizure (convulsion)**: ɓandu tiddina, o fadda, ɗofirde/ɗiyam wurta e hunduko, o waawataa nyaamde.  
Sababuuji mum ena mbaawi wonde **malaria/fiva**, infection ka hoore/meningitis, sukaru lesɗo, walla epilepsy; ɗum waɗata ɗaɓɓude **asibiti jooni** ngam gwaji e leppi moƴƴi.  
Hoto naftirooje gargajiya walla sabulu e ɓingel ngal; ɗum ena waawi ɓeydude haɗari walla haɗde hunduko.  
So farfadiya waɗii, waɗdu mo e leydi e sera mum, ittude huunde e hunduko, hoto njarɗin ndiyam/leppi, hoto jogii mo doole.  
So ɗum juuti ɓura miniti 5, walla waɗii ɗuuɗi, walla o waawataa yeɗtude/naange waɗi, yaadu **emergency/asibiti** law.",GPT 5.5,gpt-5.5
b5f5fab7-0d62-4ff9-a947-631641f53f7c,fulfulde,fulfulde,Likita mi waddi ɓingel dubi jui be lebbi ɗiɗi kuma oɗo lebbi ɗiɗi ko sali oɗo be damuwa be fofugo saɗini mo jamma kuma o ɗo uja. ɗo ni sali dillugo mi sodini mo lekki ojjugo tibi inde magal tutolin chuld o yardi gora gotel amma ɗojugo mai dillai kuma har jotta ɗo be jemma ɗo saɗini mo mi wanni mo je tibi. Amma be vi wawan o wala nyau tibi ɗum likita ɗume on waddata ɓingel duɓi jui heɓa ittugo wala acca ɗum be kuma ɗume on waddata ɓingel dubi jui heba damuwa fofugo daker ɗo be tamma.,"Likita miwaddi by bingel dubu jew be lebbi didi , kuma odo be banin ko lebbi didi ko saali , odo be damuwa be foofugo do sadinimo jamma, kuma odo ojja kullum kullum. Hojjugo dooni salli dillugo. Mi soodi nimo lekki dojjugo TB, inde maagal Tutolin Children . O yardi goora gootel amma dojjugo mai dillai.kuma har jotta do dojjugo be jamma do sadinimo.
Mi wanni mo goji je TB, amma bevi wawan owala yeewu TB do.
Likita, dume don waddata bingel dubi jew heba hojjugo wala accha do, be kuma dume on waddata bingel dubi jew heba damuwa foofugo daker do be jamma?",http://speech-app.s3.amazonaws.com/static/audio/uploads/1c2be1aa-bad0-4e1e-8c37-84158acde31c/b0096cbd1874092b64c5f55c71ef46fc_PfUWaCPY.wav,"Damuwa fofugo/cough mo lebbi ɗiɗi, tawa ɓuri jemma, ena waawi wonde **asthma**, allergy/sinuses (ruɓɓere nder hunduko), reflux, wala infection ɗum ko **TB**—si tawii ena jungo, ɓeydude sooynude, weelo, wala o jokkondiri e mo TB.  
Mi waɗata: yahaa asibiti ngam **auna hendu**, ɗowirde, **X-ray kirji**, test TB (sputum/GeneXpert) ngam cough mo juuti; syrup “Tutolin” tan wonaa ɗaɓɓitorde ɗum.  
Si oɗo fofata saɗa, kirji ena yiɗi, leɓɓi/huunde ena ɗumɗum, wala o waawaa haala/nyaamde—**yaaɗe emergency jooni**.  
Si likita yi’i wheeze/asthma, o hokku **salbutamol inhaler be spacer** (wonaa syrup), e lekki goɗɗo so haani.  
Accu haye-haye, duumol, kuli kuli nder suudu, e muyde ko ɓuri jemma; hokkude ndiyam, amma jokkondir e likita ngam heɓde asali ɗum.",GPT 5.5,gpt-5.5
92caf330-cd8d-4af6-a332-4392a0684822,fulfulde,fulfulde,Inde ame ɓawo lebbi ɗiɗi ko saali ɗo militina gorko amofugo mako da dedai ba sam be odo ista akai akai banda ma odo babellaji ko habe saunde odo isla akai akai ni bofugo daidai o hokka. Ɗo waɗa ta’a be oɗo isla to oɗo solaji wodi ko je min waɗata heɓa hefta ko waɗata ɗotugo ɗo be isugo ko julde ha pellel mari solaji ko ɓandu mako ɗon. Chanta waɗata ɗum fe’a irin lekki toi ɗon o naftirta hofugo mako hota dedai be kuma o wawan o joɗa belɗum ko ha o woni fu.,"Inde am Mrs Akinleye, bawo lebbi didi ko saali do, mi hirliti nii gorko am, foofugo mako da daidai ba sam sam. Be odo isla akai akai , bandam odo babel sollaji ko ha be saa ta hunde. Odo isla akai akai ni bo foofugo dai dai do hokka mo bone. Foofugo mako do wada ta’a be odo isla to odoo pellel churde ko sollaaji. Wodi goji min wadata heba hefta ko waddata hojjugo do be islugo? Ko joode ha pelel mari sollaaji do waddata dum, ko bandu mako don chanjata wadata dum fe’a?
Irin lekki toi don o naftirita, foofugo mako hoota daidai be kuma owaawan ojooda peldum ko ha o woni fuu?",http://speech-app.s3.amazonaws.com/static/audio/uploads/958360c8-f3ce-4ba2-b455-3643aae6e790/49f615cddaa3661c794eed71f7b98358_ZwOT7vF9.wav,"Ɗum ɗo kaalata no wa’i ko **alamaaji stroke (ɓiiɓe ƴiiƴam ka hoore)** walla caɗeele mawɗe ka hoore, tawa haala/yahugo makko ɗon boni, oɗo yuuɓa/amai walla habe hoore.  
Awa **hoto ndaaru lekki e suudu**; ndettu mo haa asibiti/referal hospital jooni ngam likita ƴeewta **BP, sukari, ƴiiƴam, scan hoore** so heɓii.  
Hoto hokku aspirin/ibuprofen walla lekki stroke sey likita ƴeewtii, sabu so ƴiiƴam ɗon yaltude ka hoore ɗum maa bonnu.  
So oɗo yuuɓa, waɗ mo e laawol (side) ngam o waas mumtaade, hokku ndiyam seeɗa-seeɗa so o waawi njaamde.  
Ɓawo ƴeewtagol, o maa haaja lekki ngam BP/sukari, physiotherapy, e ɗemngal/haala therapy ngam o heɓa no o joɗirta e haala ɗum ɓeydora.",GPT 5.5,gpt-5.5
1a300999-4afc-406c-b8f9-db90c98bf7f7,fulfulde,fulfulde,Mayi ɓingel mako mo ɗo wondi be mako tun o dayi ɓingel hakkunde ɓawo tati ɗum waɗi rufata ɓawo dayugo bo rufa be robe sembe nda dedai ma o yiini fu ɓingel mako ɗo laɓi juɗe koste yeso. Tou ɗo tauna ɓandu ɗo wuli amma ha dar ɓalle tati ɗo ko sari ɗo kosɗe mako be juɗe mai fu ɗo fewi bo o ɗo somi somini sosai bo wala ko o wawata waɗugo kanjum waɗi o waddi mo sibiti heɓa. Likita lara ɓandu mako o yami ko wawan likita mai lotai babel mingel mai joɗata boɗɗum ko kanjum waddata rufugo iyam sembe mai bo otori likita mai vindina mo batal ko lekki je darnata iyam mai heɓa dada mai lornita sembe mako wawa hakkina ɓingel. ,"Maama yi’i bingel mako,mo odo wondi be mako tun o dayi bingel, hakkunde bawo tati dum wadi, eyam rufata bawo dayugo, o rufa belau be sembe da daidai ba. Oyi’i ni fuu bingel mako do laapi , judde, koste, yeeso, nofuru fuu do laapi. Odo ta dewna bandu bo owuli. Amma ha der balle tati ko saali do koste mako be juude mai fu doo feewi. Bo odo sommi sommi ni sosai bo wala ko o waawata wadugo. Kanjum wadi o waddimo sibiti heba likita laara bandu mako. Oemmi ko wawan likita mai lootai babel mingel mai joodata boddum, ko kanjum waddata rufugo eyam sembe mai.
Bo otori likita mai vindimo baatal ko lekki je darnata eyam mai, eba daada mai lornita sembe mako waawa hakkilina bingel mako.",http://speech-app.s3.amazonaws.com/static/audio/uploads/9d732eb6-fb7a-42c0-8736-8c3dbb646e26/baa51d6b97df04c44e663e70c4dc6d29_3Ul3VDrg.wav,"Alaa, “ƴiiƴam/dada nde boni” walla ƴeewtere nde ɓe loota dada e ndiyam ɗum hinaa daliilu ngol; dada yumma lawol ngal ɓurɗum moƴƴude ɓingel.  
Ɓingel lewru 3 mo woni e rufugo ɓawo muynude, ɓandu wuli, juɗe/koyɗe laɓi walla fuuɓi, e ɗoynude no feewi—ɗum ko **alamaji haɗari**, waawi wonde malaria/sepsis, ɗamol ƴiiƴam, dehydration, walla caɗeele ɓernde/reni.  
Ɗum waɗi no haanirta o heddii e asibiti haa ɓe ƴeewa: zazzau/malaria test, PCV/Hb, sugar, ƴiiƴam/urine, ɗum e ndaw saare; ɓe njogora IV fluids no haani, antibiotics/antimalaria walla blood transfusion so woodi.  
Woto ɓe ndokku lekki galle walla “lekki darnata dada” tawa likita asibiti yamiraani, sabu ina waawi bonnude ɓingel.  
Yumma yo ɓesdu muynude dada ɗooɗɗum ko seeɗa-seeɗa so ɓingel waawi; amma so o rufi kala huunde walla o ɗoynii, ɗum ko gilaade asibiti jooni.",GPT 5.5,gpt-5.5
1169dfcc-d852-4ad0-98bc-fcc9c05621ab,fulfulde,fulfulde,Myari sobajo amre dubi mako sappo e je tati gam o nasti dango bo wakkati wadi den yotti sibiti mai be hosi mo be godi mo ko handi fu be tawi sembe iyam mako va’i ko handi ni fu be wadan o do danyugo. Oɗon ni har ɓawo aawa sappo e ɗiɗi gorko mako dayai likita en sauri debbo mai o jaɓa ɓe wanna mo sis gam o ɗo der danugo ɗo ni sobajo am saali sam o fiwai o yidi dango baroɓe ibrani enta daga ɓawo o danyi bingal ɓawo aawa sappoi. O ɗo dergo o danyi ɓingel debbo e jamu ko ma min yettore Allah amma ko hirni amni amin ɓingel ɗo wala fofa boɗɗum be dimbi akai akai mari wuji bandu bingel ɗo o kini amma fofugo wartai dede har dotta be yawi be hokki mo. Oksid likita usini bingel do hisanna be to o hisi o wartan bingal ma wori na fore na,"Mi yari sobaajo am reduujo , mo duubi mako sappo e je tati, gam o nasti dayugo bo wakati wadi . Dai min yotti sibiti mai, be hosimo bo begodimo ko haadi fu, be tawi sembe eyam mako va’e. De bawadi ko haadini fu be wada . Odo der dayugo. Odon nii har bawo awa sappo e didi. Gorko mako dayai, likita en sauri debbo mai ojaba be wanna mo CS, gam odo der dayugo do neebi .
Sobajo am salli sam , ovi wai oyidi dayugo ba roobe ibrani’en dayata .
Dagabawo o dayi bingel, bawo awaa sappo e didi o do der dayugo. Odayi bingel debbo e jamun, kuma minyettore Allah. Amma ko hilni amin bingel do wala foofa boddum. Be dimbi akai akai, marri , wugi bandu bingel do. Owooki ni amma foofugo warta deedai har jotta.
Be yawi be hokkimo oksijin.
Likita, Useni, bingel do hisan na? Be to o hisi, o wartan bingel mo woodi naafoore na?",http://speech-app.s3.amazonaws.com/static/audio/uploads/3d266846-2143-40e8-9ce7-edd23e4b7d32/d4b1cfe7adcbf7518f4312ae01331c3a_PDX1kSVB.wav,"Mi faami hol ko waɗi; ɓingel ɓuri heɓde saɗaare sabu danyugo juuti, ɗum ina waawi waɗde “birth asphyxia” (oksijin heewaani e hoore), walla sukkar ƴiƴam lesɗi, infeshon, walla “seizure”.  
To ɓingel ina dimbina akai‑akai, fowtugo/nyamde na saɗi, walla hendu moƴƴaani, ɗum ko haɗari—yo ɓe waɗ mo e ɗo ɓiɓɓe kecce njogoree: oksijin, wulnugo, sukkar, magani seizure, antibiotics, e dabbude ƴiƴam/sukka/kalsiyum.  
Mi waawaa waɗde alkawali wonde o hisata walla o wartan no feewi; ɓe waɗi mo ɗo jooni jaawɗum, heɓugo jam ina ɓeyda.  
Ɓiɓɓe wonɓe heɓi asphyxia ina waawi hisde e jam, amma woɓɓe ina heɓa caɗeele ɗo yeeso hono dimbinol, saɗaare jangu/yaadu, walla epilepsy, ngam ɗum follow‑up e likita ɓinngel ko alɗuɗum.  
Debbo ɗo duuɓi 13 ko risk ɗuuɗi; ɓawo oo yo ɓe ɗaɓɓa family planning, antenatal care e jibinannde asibiti, e jaɓɓude shawara likita ko sauri to ɗum waɗi.",GPT 5.5,gpt-5.5
4d31877b-469d-4301-9932-75fd852d6b19,fulfulde,fulfulde,Rewo ɓingel mo hakkilinta ɓingel petel herti ɓingel o hakkilinta mai dakka fofata den bo fofugo bingal mai da dedai ba bingal do da keel don ba je be sakkini al ha dango kuma na bingal be yiwata be diyam pewdum. Ɗum waddata ɓingel petel fofata da kerɗo be ɗofugo mai hoi nai mo bana nane ɗume min waɗata do hala ɗo.,"Reenodo bingel mo hakkilinta bingel petel, hirliti bingel o hakkilinta mai daker foofata, denbo foofugo bingel mai da dedai ba.
Bingel do da chekkel don ba je be sakkiniel ha danugo, kuma naa bingel beyiiwata be diyam paudum.
Dume don waddata bingel petal foofata daker do be dojjata akai akai, bo kwadi foofugo mai hoyinai mo bana naane? Dume minwadata do halaa do?",http://speech-app.s3.amazonaws.com/static/audio/uploads/1c6a2b57-3053-4415-9727-917ed9722ce8/7c72ff04903a2a067085df6696d31fe2_ploEzH89.wav,"Ɗum ko alama caɗeele mawɗe e ɓinngel petel: so o fofata yaasi/hakkiilo, o ɗofotoo walla o yiwata ndiyam no feewi, waawi waɗde pneumonia walla ɗofru/dehydration.  
Ɓam ɓinngel ɗo juulɓe/hospital jaaw-jaaw, haa hande, sabu ɓinngel petel waawi bonde ko ɗoo e nder waktu seeɗa.  
So o suusataa ɓeydugol, o ɗaɓɓataa muusam, o huli, o waɗi ngulɗam, walla ɓernde/hooɓre hibbata, ɗum ko gorko emergency.  
Hade nde njahata, jokkinee muynugol nono; so o yiwata ndiyam, ndokkitee ORS seeɗa-seeɗa, kono hoto ndokku leɗɗe ɗoyɗe walla magani tawa dokita yi’aali.  
Ɗowtugol jaawngol e asibiti woni ko ɓuri moƴƴude.",GPT 5.5,gpt-5.5
4d31877b-469d-4301-9932-75fd852d6b19,fulfulde,fulfulde,Rewo ɓingel mo hakkilinta ɓingel petel herti ɓingel o hakkilinta mai dakka fofata den bo fofugo bingal mai da dedai ba bingal do da keel don ba je be sakkini al ha dango kuma na bingal be yiwata be diyam pewdum. Ɗum waddata ɓingel petel fofata da kerɗo be ɗofugo mai hoi nai mo bana nane ɗume min waɗata do hala ɗo.,"Reenodo bingel mo hakkilinta bingel petel, hirliti bingel o hakkilinta mai daker foofata, denbo foofugo bingel mai da dedai ba.
Bingel do da chekkel don ba je be sakkiniel ha danugo, kuma naa bingel beyiiwata be diyam paudum.
Dume don waddata bingel petal foofata daker do be dojjata akai akai, bo kwadi foofugo mai hoyinai mo bana naane? Dume minwadata do halaa do?",http://speech-app.s3.amazonaws.com/static/audio/uploads/1c6a2b57-3053-4415-9727-917ed9722ce8/7c72ff04903a2a067085df6696d31fe2_ploEzH89.wav,"Ɗum ko alama mawɗo: ɓingel petel mo woni e tampere fofugo/kerɗo walla naane e hakkille, o haani naatde asibiti jooni-jooni.  
To o waawaa muynude, o fofata ko yaawɗum, ko ɓernde na ndilla, ko o yowii/ɓurtini, ɗum ko gawatugol.  
Hoto ndokkoree ɗum diyam walla leppi; ɓingel petel haani heɓde nono tan, so o waawi muynaade.  
Tippinee mo, njogoree mo ɗumɗum, njaltinee hunuko/nebam so ko woni, kono hoto naatnee junngo nder dangi.  
Yahaa e ɓisal/asibiti ngam dokita yo ƴeewto fofugo, sattaande, walla infection, ngam ɓingel petel ena waawi bonde ko yaawi.",GPT 5.5,gpt-5.5
4d31877b-469d-4301-9932-75fd852d6b19,fulfulde,fulfulde,Rewo ɓingel mo hakkilinta ɓingel petel herti ɓingel o hakkilinta mai dakka fofata den bo fofugo bingal mai da dedai ba bingal do da keel don ba je be sakkini al ha dango kuma na bingal be yiwata be diyam pewdum. Ɗum waddata ɓingel petel fofata da kerɗo be ɗofugo mai hoi nai mo bana nane ɗume min waɗata do hala ɗo.,"Reenodo bingel mo hakkilinta bingel petel, hirliti bingel o hakkilinta mai daker foofata, denbo foofugo bingel mai da dedai ba.
Bingel do da chekkel don ba je be sakkiniel ha danugo, kuma naa bingel beyiiwata be diyam paudum.
Dume don waddata bingel petal foofata daker do be dojjata akai akai, bo kwadi foofugo mai hoyinai mo bana naane? Dume minwadata do halaa do?",http://speech-app.s3.amazonaws.com/static/audio/uploads/1c6a2b57-3053-4415-9727-917ed9722ce8/7c72ff04903a2a067085df6696d31fe2_ploEzH89.wav,"Ɗum ko **alamomin haɗari** e ɓingel petel: fofugo yaawi/kerɗo, ɗofugo enndam no waawi, walla ɗiɗol diyam-diyam—ina mbaawi wonde **ciwon huhu, sepsis, walla busɗam ɗiɗol**.  
Yahanee mo **asibiti/PHC jooni-jooni**, ko ɓingel les lewru 2 ɗum ina ɗaɓɓi ndaarndeejo law.  
Hoto okku mo kunu, maganin gargajiya walla diyam tawa o les lewbi 6; **enndam yumma tan** ko ɓuri.  
So ɗiɗol no yawa, okku **ORS seeɗa-seeɗa** so omo waawi yarude, tee jokkondir ɗoftinde enndam.  
So omo waawataa ɗofugo, omo ɗakka, walla omo fofata haa kerɗo na naata, ɗum ko gila **emergency**.",GPT 5.5,gpt-5.5
4d31877b-469d-4301-9932-75fd852d6b19,fulfulde,fulfulde,Rewo ɓingel mo hakkilinta ɓingel petel herti ɓingel o hakkilinta mai dakka fofata den bo fofugo bingal mai da dedai ba bingal do da keel don ba je be sakkini al ha dango kuma na bingal be yiwata be diyam pewdum. Ɗum waddata ɓingel petel fofata da kerɗo be ɗofugo mai hoi nai mo bana nane ɗume min waɗata do hala ɗo.,"Reenodo bingel mo hakkilinta bingel petel, hirliti bingel o hakkilinta mai daker foofata, denbo foofugo bingel mai da dedai ba.
Bingel do da chekkel don ba je be sakkiniel ha danugo, kuma naa bingel beyiiwata be diyam paudum.
Dume don waddata bingel petal foofata daker do be dojjata akai akai, bo kwadi foofugo mai hoyinai mo bana naane? Dume minwadata do halaa do?",http://speech-app.s3.amazonaws.com/static/audio/uploads/1c6a2b57-3053-4415-9727-917ed9722ce8/7c72ff04903a2a067085df6696d31fe2_ploEzH89.wav,"Ɗum waawi wonde **nyawu pulmo (pneumonia) walla bronchiolitis**, sabu ɓingel ina **fofata no yaawi/ina tampi e ɗofugo**, ɗum ko haɗari tawa o ko ɓingel petel.  
**Njoɗee ɗo!** Yahee asibiti ko health centre **jonta**, ngam ɓingel ena waawi soklude oksijin, dawaa, walla ñaamde e diyam rewrude.  
So o waawaa muynude/ɓeyngu, hunduko maa ɓeeli ina laaɓi, o na tampi, o na hulɓina, walla o na haraaki—ɗum ko **emergency**.  
Hadee nde ngalaaɓe: waɗee mo e leɗɗe, ɓeyngu mo no seeɗa-seeɗa, laɓɓinee hanci so catarrh woni, tee woppitee uuro/smoke e leppi gargajiya.  
Hoto tokkino dawaa antibiotics walla cough syrup ɗo suudu; dokita yo ƴeewto mo.",GPT 5.5,gpt-5.5
4d31877b-469d-4301-9932-75fd852d6b19,fulfulde,fulfulde,Rewo ɓingel mo hakkilinta ɓingel petel herti ɓingel o hakkilinta mai dakka fofata den bo fofugo bingal mai da dedai ba bingal do da keel don ba je be sakkini al ha dango kuma na bingal be yiwata be diyam pewdum. Ɗum waddata ɓingel petel fofata da kerɗo be ɗofugo mai hoi nai mo bana nane ɗume min waɗata do hala ɗo.,"Reenodo bingel mo hakkilinta bingel petel, hirliti bingel o hakkilinta mai daker foofata, denbo foofugo bingel mai da dedai ba.
Bingel do da chekkel don ba je be sakkiniel ha danugo, kuma naa bingel beyiiwata be diyam paudum.
Dume don waddata bingel petal foofata daker do be dojjata akai akai, bo kwadi foofugo mai hoyinai mo bana naane? Dume minwadata do halaa do?",http://speech-app.s3.amazonaws.com/static/audio/uploads/1c6a2b57-3053-4415-9727-917ed9722ce8/7c72ff04903a2a067085df6696d31fe2_ploEzH89.wav,"Ɗum ko alamaaji hulɓiniiɗi: ɓingel so ena fofata no yaawri/wuurta, ena ɗofata, walla ɓernde ɗuuɓata, ena waawi wonde pneumonia walla roŋku hennde.  
Ɗum waɗee: nawnee ɓingel oo yaasi hospitaal/PHC jooni-jooni, ko sabu ɓiɓɓe petel ena mbaawi heɓde haɗari ko yaawi.  
Hoto njiyatee ɗiyam pewɗam/cold water e hoore mum, hoto ndokkee leɗɗe gida; nde woni nguleeki, ndokkee paracetamol ɗo dokita/ma’aikacin lafiya yamiri.  
Nokkanee mo ɗuuɗal, kosam inna so o ena waawi, e laɓɓinee nefnde/ɓeɓɓe mo so ena heɓi ɗiɗi.  
So o waawataa muuɗde, o ɗaɓɓataa hennde, o ɗuɓɓii/sakkinii, walla o yeeso/ɓalli mum waylii kala—ɗum ko gawat, yahnee asibiti ɗoon e ɗoon.",GPT 5.5,gpt-5.5
4d31877b-469d-4301-9932-75fd852d6b19,fulfulde,fulfulde,Rewo ɓingel mo hakkilinta ɓingel petel herti ɓingel o hakkilinta mai dakka fofata den bo fofugo bingal mai da dedai ba bingal do da keel don ba je be sakkini al ha dango kuma na bingal be yiwata be diyam pewdum. Ɗum waddata ɓingel petel fofata da kerɗo be ɗofugo mai hoi nai mo bana nane ɗume min waɗata do hala ɗo.,"Reenodo bingel mo hakkilinta bingel petel, hirliti bingel o hakkilinta mai daker foofata, denbo foofugo bingel mai da dedai ba.
Bingel do da chekkel don ba je be sakkiniel ha danugo, kuma naa bingel beyiiwata be diyam paudum.
Dume don waddata bingel petal foofata daker do be dojjata akai akai, bo kwadi foofugo mai hoyinai mo bana naane? Dume minwadata do halaa do?",http://speech-app.s3.amazonaws.com/static/audio/uploads/1c6a2b57-3053-4415-9727-917ed9722ce8/7c72ff04903a2a067085df6696d31fe2_ploEzH89.wav,"Ɗum ko maande bonnde: ɓingel ngal ina waawi wonde ɗum ko pneumonia/bronchiolitis, tawa hendu ngol no sattiri walla kerɗe ina naatata.  
Njaaɓee ngal law-law to asibiti/galle cellal, ɓurata so ngal ko ɓingel les lewruuji 2.  
Haa nde njahata, njokkee ngal ɓiraaɗam/nyamduɗum seeɗa-seeɗa, waɗee ngal no hoɗi, tee ittinee njoɓdi e nokku reedu/nose so o ina waɗi ɗum.  
Hoto njonnu lefol ɗofugo, antibiotics, walla “diyam”/magani ɗi dokita hokaani.  
So o ina fota, o alaa waawi muynude/nyaamde, daango/febar, walla hunuko/funeere ina wayli laabi, ɗum ko gawat—njaɓee ngal jooni.",GPT 5.5,gpt-5.5
4d31877b-469d-4301-9932-75fd852d6b19,fulfulde,fulfulde,Rewo ɓingel mo hakkilinta ɓingel petel herti ɓingel o hakkilinta mai dakka fofata den bo fofugo bingal mai da dedai ba bingal do da keel don ba je be sakkini al ha dango kuma na bingal be yiwata be diyam pewdum. Ɗum waddata ɓingel petel fofata da kerɗo be ɗofugo mai hoi nai mo bana nane ɗume min waɗata do hala ɗo.,"Reenodo bingel mo hakkilinta bingel petel, hirliti bingel o hakkilinta mai daker foofata, denbo foofugo bingel mai da dedai ba.
Bingel do da chekkel don ba je be sakkiniel ha danugo, kuma naa bingel beyiiwata be diyam paudum.
Dume don waddata bingel petal foofata daker do be dojjata akai akai, bo kwadi foofugo mai hoyinai mo bana naane? Dume minwadata do halaa do?",http://speech-app.s3.amazonaws.com/static/audio/uploads/1c6a2b57-3053-4415-9727-917ed9722ce8/7c72ff04903a2a067085df6696d31fe2_ploEzH89.wav,"Ɗum ɗo mbinndii ko maandeeji bonɗi e ɓingel: so ɓingel ngal alaa hakkillo, fofata no yaawi/ɗiɗɗi, waawaa muynude, walla ɗoofata/yeeyata fof, on naatnee ngal hoosipital jooni.  
Ɓingel petel, ko kosam yumma tan haani — hoto okkee diyam, ko “peewɗum” noon, sabu ena waawi addude ñawndu walla ɓurtinde tampere.  
So ngal ena waawi muynude, jokkee muynugol kosam yumma haa nde on yottini dokita.  
Hoto okkee leppi/ruwan magani ko ɗume fof tawa dokita alaa yi’i.  
Ɗum ena waawi wonde ɗofugol, ñawndu ɓingel petel, walla caɗeele fowru; ɗum waɗi ko yaadu hoosipital ko ɓuri hisnude.",GPT 5.5,gpt-5.5
4d31877b-469d-4301-9932-75fd852d6b19,fulfulde,fulfulde,Rewo ɓingel mo hakkilinta ɓingel petel herti ɓingel o hakkilinta mai dakka fofata den bo fofugo bingal mai da dedai ba bingal do da keel don ba je be sakkini al ha dango kuma na bingal be yiwata be diyam pewdum. Ɗum waddata ɓingel petel fofata da kerɗo be ɗofugo mai hoi nai mo bana nane ɗume min waɗata do hala ɗo.,"Reenodo bingel mo hakkilinta bingel petel, hirliti bingel o hakkilinta mai daker foofata, denbo foofugo bingel mai da dedai ba.
Bingel do da chekkel don ba je be sakkiniel ha danugo, kuma naa bingel beyiiwata be diyam paudum.
Dume don waddata bingel petal foofata daker do be dojjata akai akai, bo kwadi foofugo mai hoyinai mo bana naane? Dume minwadata do halaa do?",http://speech-app.s3.amazonaws.com/static/audio/uploads/1c6a2b57-3053-4415-9727-917ed9722ce8/7c72ff04903a2a067085df6696d31fe2_ploEzH89.wav,"So ɓinngel yarii walla moƴƴitii **petel/kerosin**, ɗum ko **haɗari mawɗo**, sabu petel no waawi naatde e hendu haa waɗa ɗofugo, fofugo saɗi walla pneumonia.  
**Hoto waɗee mo yaltinde**, hoto ndokkitee mo nebbam, kosam walla ɗiyam keewɗam; ɗum no ɓurda bonnude.  
Ɗowtinee mo no jooɗii/ɓernde mum ɓamti, momtinee hunduko, ndeen yahinee **asibiti jooni-jooni**, tawa dokita ena waɗa oxygen/x-ray so ɗum haani.  
So omo fofata saɗi, omo ɗofotoo, omo woni no ŋabataa walla omo fuuɓii, ɗum ko **gilaas ɗaɓɓude ballal jamma**.",GPT 5.5,gpt-5.5
7be603c9-1850-4693-b2d6-1b7b07387ab2,fulfulde,fulfulde,Debbo fere danyi keccal ha asibiti amin fajiri ɗo dango mai hokkai mo sam o danyi wala damuwa nebai sam ɓawo o dayi min lati leppol min wanni mo ɓuli sofni be iyam ɓawo minti seɗɗa debbo ɗo o naftiri be leppol fere kanjum mai fu hebbini be iyam. Nyidai sam debbo fuddi nanugo wala sembe bo iyam mai do rufa sosai sali darugo dane on waddata rufugo iyam ɓawo danugo dume watta darna iyam mai ko wawan lata bingel fere don hader redu debbo ɗo ɗume on waddi rufugo iyam sembe daratado ba je debbo do. Duem wawata min wanna debbo ɗo iyam mai dara irin batal ko lekki toi nafu ɗo be min tura debbo ɗo asibiti manga na ɗon ko min wawata min wanna debbo ɗo je darnata iyam mai.,"Debbo fere dayi chekkel ha sibiti amin fajiri do. Dayugo mai hokkai mo bone sam, odayi wala damuwa. Nebai sam bawo o dayi min laari leppol min wanni mo buli, sofni be eyam.  Bawo minti sedda debbo do naftiri be leppol fere, kanjum mai fu hebbini be eyam. Nebai sam debbo fuddi nanugo owala sembe bo eyam mai do rufa sosai sali darugo. Dume don waddata rufugo eyam bawo dayugo ? Dime watta darna eyam mai? Ko wawan laata bingel fere don ha der reedu debbo do? Dume don waddi rufugo eyam sembe darata do ba je debbo do? Dume min wawata min wanna debbo do, eyam mai dara? Irin baatal ko lekki toi naftirint debbo do , be min tura debbo do sibiti manga na , ko don ko min wawata min wanna debbo do je darnata eyam mai?",http://speech-app.s3.amazonaws.com/static/audio/uploads/5dac9a38-8c55-48c0-a42e-db2f494830ab/586a9bb6daab0fb5d9630e9ae6621d65_2VpNAeQX.wav,"Ɗum ko **rufugo ƴiiƴam ɓawo jibinannde (post‑partum haemorrhage)**, ko heɓi bontere; hokkitee ballal haa ɗon e ɗon, tee **hoto ɗaɗanee turaade asibiti mawɗo**.  
Noddee ballal, waɗdee IV cannula ɗiɗi, hokkitee **normal saline/Ringer lactate**, ɗaɓɓitee ƴiiƴam, tee memmbitee/reɓɓitee mahaaru; hokkitee **oxytocin 10 IU IM/IV** walla 20–40 IU e drip, so alaa hokkitee **misoprostol 800 mcg** ɗiɗɗo/nder ɗemngal walla rectal, e **tranexamic acid 1 g IV**.  
Ƴeewitee ko placenta/tabital timmi, ko alaa bingel goɗɗo nder reedu, ko alaa jeexal/ɗaɗol vagina/cervix, tee deftere ndiyam ɗoofu ngam bladder ɓurataa waɗde mahaaru soft.  
So ƴiiƴam ɗariiɗa, waɗdee **bimanual uterine compression** walla **condom balloon tamponade** tawa on tura mo asibiti mawɗo.  
Ɗum ina wawi warude debbo cikin minti, sabu ɗuum hoto ndeenee lekki ɗiɗi tan—resuscitation e referral ɗon ɗon.",GPT 5.5,gpt-5.5
d37bde49-8a16-485c-90d5-613f7fad7712,fulfulde,fulfulde,Duɓi am sappan e tati e ɗiɗi nyiɓai mi dayi je ɗiɗi ko sali ɗo on midayi mi heriti dou to miɗo musina keccal am ɗo yarnama bani musungo to o musini seddani sei o itta hunduko mako to mi habdi musungo mo fahin sei o musina seɗɗa o itta hunduko sei ko haɗi mo musungo boɗɗum sei mirriti o ɗo mari damba wala fufa boɗɗum bana ɓingel. banninta pofɗe mako mi yecci dada gorko am o vima den ɗo daya ndiyam nati hore keccel man on ko kuje fere amma bo minti hore mako kam likita en handi ɓe anda min ko ɓuri pusungu amɓerde maanjum on o wala hara boɗɗum ɗo dama ambo hakkilo am wala wala musina be boɗɗum sam sai to mi waɗi sembe to miɗi o musina. Sai to mi vindini mo o musina seɗɗa to fottini mo miɗi mi’ama dow sabo pewol man je o wala fofa be boɗɗum ɗo bofi fu ɗo nanda bana kine mako ɗo sukki bo hanjum on waɗi wala musina boɗɗum.,"Dubi am sappan e tati e didi. Nebai mi danyi, Balde je didi ko sali mi danyi. Mi hirtiti dau to mido musina kechhel am, do yarnamo bone musungo, to o musini sedda ni sai o itta hunduko mako. Toh mi hapdi musungo mo fahin sai o musina sedda o itta hunduko. Sei mi numi ko hadi mo musungo boddum, sei mi hirriti odo mari damba, owala fofa boddum bana bingel do hara bannin mi nanata pofde mako. Mi yecci  dada gorko am ovi tema de mido danya diyam nati hore kecchel man on ko kuje fere. Amma bo mi numi to diyam nasti hore mako kam, likita en handi beh anda. Min ko buri pusun go am berde ma hanjum on no owala hara boddum. Do dama am boh hakkilo am walai. Owala musina beh boddum sam. Sai toh miwadi beh sembe to miyidi o musina. Sai toh mi findini mo o musina sedda to fottini mo. Miyidi mi ema dau sababu pewol man jeh owala fofa beh boddum boh de o fofi fuu do nanda bana kine mako do sukki boh hanjum on wadi owala musina boddum. ",http://speech-app.s3.amazonaws.com/static/audio/uploads/840dabfc-6d8b-4a62-8077-5fe36c517b4a/4a8cbcc916138f5a8a753eb6c39bd2f3_f8CvbIoJ.wav,"Ko ɓuri waɗde ɓinngel no sali keccal sabu hunduko oo ena nawi (kanyum: hulaare/“thrush”, ɗamɗamol, nyiɓɓe/dental, walla ɗonɗe/noppi), walla ɗum ko latch/moƴƴude muynude ngal waɗi naange.  
Alaa damba e fufa moƴƴa ko ceertu, amma so o salii muynude, o weeyii, walla o ɗon waɗa ndiyam ndiyam seeɗa (pampers ndiyam <6 e ɓalɗe), yah to asibiti/MCH ɗoon ɗoon ngam ɓe ndaaru hunduko, noppi, kilo e dehydration.  
Hoto a doole mo keccal; ƴettu ɗam keccal ɗonɗon, hokku mo e koppu/spoon/cup, ngam o heɓa ñaamdu haa ɓe ndaaru mo.  
So a yi’i ɗane-ɗane e hunduko walla keccal maa ena nawi/ena uddi, likita/CHO maa hokku nystatin walla dawa moƴƴo, ɗum hoto jeyaa ɗon.",GPT 5.5,gpt-5.5
c60e851f-8a94-4b7e-aeeb-d8836133b45b,fulfulde,fulfulde,Debbo ɗo danyi ha sibiti meɗen lebbi jego ko sali o wari sibiti man be gorgo mako ha o danyi ɓingel marɗo lebbi jego mai wardi be mako jonta dada ma waɗi bayani do o hefti ɓingel man ɗo ɗojja balɗe sappo e tati yahugo sappo e nai ko sali o vi bo o ɗon no hokka mo lekki damba hiddeko ɗojugo man fuɗɗa o vi ɗo jere man halli on daga kiya. taci ko fuddi amma harturti o vide o musini mo fu odo hokka mo lekki ndiyam je dargo je be sorata je dojugo do je o dinki hokkugo bingel man do yara vi daga keya dojugo man turti je har yotti bingel man wala wawa fofa be boddum sosai bana pofde man do ta’a on do yaha dow je palas kala wakkati. Ɓe hultiri hanjum madi ɓe waddi mo sibiti meɗen jotta e mol am ha ɗo hanjum on min wawan min hokka debbo ɗo ko vallata mo be ɓingel ɗo ha sare na larugo no pofɗe mako ta’ata be ɗojere ɗo min vindina be lekki dojugo na ko en wadda go jego je dow ɓingel man hiddeko min hokka mo lekki ko batir.,"Debbo do danyi ha sibiti meden lebbi jego ko saali. Owari sibiti man beh gorko mako haa o danyi bingel mardo lebbi jego mo be wardi beh mako jonta .
Dada man wadi bayani dau o hirriti bingel man do dojja balde sappo-e-tati yehugo sappo-e-nai ko saali.
Ovi bo o donno hokka mo lekki damba hiddeko dojjugo man fudda. 
Ovi dojjere man halli on daga keya. Balde tati ko fuddi amma har turti.
Ovi de o musini mo fu, odo hokka mo lekki diyam jeh der gora- jeh be sorrata jeh dojjugo do- jeh o dingi hokkugo bingel man do yara.
Ovi daga keya dojjugo man turti jeh har yotti bingel man wala wawa fofa beh boddum, bo daami am sosai.
Bana pofde man to ta’a on do yaha dau jippa les kala wakkati fu. 
Beh hultiri hanjum wadi beh waddi mo sibiti meden. 
Jotta emol am hado hanjum on; min wawan min hokka debbo do ko vallata mo beh bingel do ha saare na? Larugo no pofde mako ta’ata beh dojjere do?
Min vindina be lekki dojjugo na? Ko en wada gwaje-gwaje dau bingel man hiddeko min hokka mo lekki ko bate?",http://speech-app.s3.amazonaws.com/static/audio/uploads/8bf9f4d8-ae8e-4625-9c88-f23cc5d70fe7/970b50df7a2e36e0d728c0229754f252_tsVjfEld.wav,"Ɓingel lebbi joyi mo saare/ɗojugo balɗe 13–14, o waawaa yarugo walla o tampii no feewi, ko **tampere mawnde**—waɗee mo **sibiti jooni**, hinaa lekki suudu.  
Ngam yahde sibiti, hokkitee mo **ORS** seeɗa-seeɗa kala ɗakiikaaji seeɗa e jokku **nono**, amma so o wuttii kala ɗam walla o waawaa yarugo, accitee hokkugo ley hunduko.  
Ha sibiti min ndarata kuivde ndiyam, malaria, sepsis, e sukar; so kuivde ndiyam ɗuuɗi, min hokkata **Ringer lactate/normal saline IV**.  
Hokkitee **zinc 10 mg ñalnde kala balɗe 10–14**; antibiotic hinaa ko hokkata kala saare, sey so jiiɗam woodi e saare, kisaare mawnde, cholera, walla sepsis.  
Accitee **lekki damba/traditional** ngam ina waawi ɓeydude tampere e waɗde ɓingel o bonde.",GPT 5.5,gpt-5.5
ca38ef49-d081-48fe-90af-041267c847c9,fulfulde,fulfulde,Min nyii goto nder rewɓe amin marɓe redu be gorko mako fajil ɗo vis jabur mako be ɓawo mako ɗo nawa be wakkatil mako waɗai fu min emi mo redu mako lebbi noi on o vi lebbi jego be balɗe sedda on min to ɗo nawa mo jotta na ko ɗo wara dilla on sai o vi ɗon jotta sei min emi mo to o larini. Ndiyam ko iyam na ɗo vi o lare ndiyam be iyam min emi mo ko bingel man je lamba noi on bo redu man je noi on vi amin on je arande emol min mari likita man hanjum on do alama debbo yotti on na o fukkiri on na ko hunde fere on min wawan min yarta debbo man dilla ɓe wanna mo koji nder redu wato sk. ngam min anda ko fe’ata na.,"Min yi goto der rewbe Amin marbe redu beh gorko mako fijjiri doh, ovi les jaburu mako beh bawo mako do nawa, beh wakkati daigol mako yottai fuu. Min emimo redu mako lebbi noi on? Ovi lebbi jego beh balde sedda on. Min emimo toh do nawa mo jotta ko do wara dilla on, sei ovi do nawa mo jotta. Sei min emimo toh olari diyam ko iyam, ovi olari diyam beh iyam. Min emimo bo bingel man jeh lamba noi on, bo redu man jeh noi on? Sei ovi hanjum on je arande. Emol min marni likita men hanjum on ; do alama daigol yotti onna, o fukkiri na, ko hunde fere on?
Min wawan min yerba debbo man dilla beh wanna mo gwaji der redu Wato scanning gam min anda ko fe’ata na?",http://speech-app.s3.amazonaws.com/static/audio/uploads/35e5444a-92ee-48b3-94f4-bbcce744cccc/50eb25d9c93460bd13d7650d59a556b4_QfKim7Pf.wav,"Ɗum ko alama haɗari: debbo reedu so ndiyam walla ƴiyam ɗon yalta, waawi wonde ndiyam reedu ruttinii, jiiɓgol arii, walla matsala placenta/ɓinngel.  
Hoto waɗu “wanka/koji nder reedu” walla hoto naatnu honɗun nder farji haa likita yi’i mo, sabu ɗum waawi ɓeyda ƴiyam walla infection.  
Yahanee mo asibiti mawɗo jooni ngam ɓe waɗa ultrasound/scan, ɗowgol ɓinngel, BP, zazzabi, Hb, blood group, ɓe ndaara ko ɓinngel ina wuuri.  
So ƴiyam ɗuuɗi, reedu na nawni, zazzabi, mo yulli, walla ɓinngel stoppi dillaade—ɗum ko galle galle, hoto haɗa mo dilla.",GPT 5.5,gpt-5.5
5d55e7bb-831c-4364-81e4-fb2f7cac2000,fulfulde,fulfulde,titi lola daga ɓandu bingel am do fita diuna bingel man wala wawa wailita dande mako sam don nanda ma bana dande bingel man metatatata wailutuggo gite wore bingel man wawata mabbutuggo dume on wawata godda zazzabi do be bo ko hadata dande mako golto handi mi wanna mo heba mi anda sabo zazzabi man be ko hadata dande mako watuggo jawabu toy be yeccata men je ko woyla bandu bingel man je wadata zazzabi be ko hadata mako wanko.,"Inde am Titilola. Daga keya, bandu bingel am do wuli, odo fiita diwna.
Bingel man wala wawa wailita dande mako sam. Do nanda ma bana dande bingel metata wailutuggo. Gite wore bingel man wawata mabbutuggo. Dumejum on wawata wadda zazzabi doh beh bo ko hadata dande mako wailutuggo? Gwal toi handi mi wanna mo heba mi anda sababu zazzabi man beh ko hadata dande mako wailutuggo? Jawabu toi beh yeccata men jeh ko woni der bandu bingel man jeh waddata zazzabi beh ko hadata dade mako wailutuggo?",http://speech-app.s3.amazonaws.com/static/audio/uploads/2a7e9671-a183-4eeb-8e39-ab9c3c41583d/0f404b61a6cd74e458bf719ec8dcbeb3_iEoktNLt.wav,"Ɗum ko alamaaji ɗi caɗi: zazzabi e dande jooɗɗunde/naawnde tawa bingel waawataa wailitugo hoore maa dande, ɗum ena waawi wonde **meningitis** walla infection tiiɗɗo, waɗi ɗum waɗaama **jokkondiral gila jooni**.  
Awa yahdu mo **asibiti/ER** hande, sabu ena haani ɗoktoor ɓe ƴeewto mo, ɓe mbaɗa lab, ɓe ndokku antibiotik walla dawaaji ɗi moƴƴi ko ɓuri yaawde.  
So zazzabi ena woodi, aɗa waawi hokku **paracetamol** no feewi e kilo makko, kono hoto hokku aspirin, hoto teeŋtin dande makko.  
So o nana yiɗde ndiyam, hokkoy mo ndiyam seeɗa-seeɗa; kono so o ɗaanii no feewi, o yaltinii, o waɗii fitsare/convulsion, walla o ronkii yiɗde — ɗum ko gawat ɗo asibiti.  
Miɗo waɗa ɗum ko emergency; hoto ɗonnirii e suudu.",GPT 5.5,gpt-5.5
097c330b-fb29-4392-acc8-015bd99ac09c,fulfulde,fulfulde,Inde amtilola daga keya bandu bingel am do wuli odo fita diuna bingel man wala wawa wailita dande mako sam don nanda ma bana dande bingel man wetata waituggo yite wore bingel man wawata mabbutuggo dumejum on wawata wuda zazzabi do be ko bo hadata dande mako waituggo gol handi mi wanna mo heba mi anda sabo zazzabi man be ko hadata dande mako waituggo jawabu toy bo be yecchata men je ko woni dar bandu bingel man je waddata zazzabi be ko wadata dande mako wodi go,"Inde am Titilola. Daga keya, bandu bingel am do wuli, odo fiita diwna.
Bingel man wala wawa wailita dande mako sam. Do nanda ma bana dande bingel metata wailutuggo. Gite wore bingel man wawata mabbutuggo. Dumejum on wawata wadda zazzabi doh beh bo ko hadata dande mako wailutuggo? Gwal toi handi mi wanna mo heba mi anda sababu zazzabi man beh ko hadata dande mako wailutuggo? Jawabu toi beh yeccata men jeh ko woni der bandu bingel man jeh waddata zazzabi beh ko hadata dade mako wailutuggo?",http://speech-app.s3.amazonaws.com/static/audio/uploads/3e582d3f-71b9-4d36-b70c-095cd79016cc/482f4a329e361907ead08f7240692149_qokCpWJA.wav,"Ɗum ɗum alaamaaji ɓurtuɗi: zazzabi mawɗo e ñaw dande/waawataa lootugol, yite boɗɗe, walla waawataa ñaamugol/yarugol.  
Ko sabu mum waawi wonde tonsillitis, malaria, measles, walla ko ɓuri hulɓinde—meningitis; sabo ɗum waɗi, a yahdu e bingel ngal sappo-sappo to asibiti/dispensary jooni.  
Hoto on addan mo magani antibiotics walla injections e suudu tawa dokita yi’aali, kono on waawi hokku mo paracetamol ɗumɗum ngam zazzabi (15 mg/kg kala awaaji 6) e ndiyam seeɗa-seeɗa so o waawi yara.  
So o woni ɗaɓɓude, o yiɗaa yara, o waɗi fits, o ɗaɓɓi moƴƴere, walla dande mako na ɗiiɗi/na tippi—ɗum ko emergency.  
Dokita maa ƴeewto malaria test, throat/tonsils, measles, e alaama meningitis ngam hokkitinde magani moƴƴo.",GPT 5.5,gpt-5.5
1922f14d-d08e-4f00-b45c-2c3c6f46b8e5,fulfulde,fulfulde,Dada fere hakkili lari ɓingel man ɗo ɗoja je balɗi arindiri kamma pewol on ɓillata ɓerde ɓingel man den bo accan mo amma bo ɗo juko man usta ɓingel man ɗo umma kala jamma fu ngam ɗojara man wakkati go kamma ɓingel man ɗo habda bano o wala wawa fufa be boɗɗum dada man to ummini bingal man darni oɗo wawan nano ɓerde mako fiyata wakkati fufata ngam bannin ango. Ɓingel man nda ɓingel man ɗoji sosai ha gagiri mo fufugo be boɗɗum nder jamma jango man dada man tas yahugo asibiti o yiɗi o nana ko waɗi ɗojugo man fuɗɗi ko waɗi tawugo pofɗe man nden nde bo o anda hedi o wawata valliugo emwal amma ha ɗo kanjum on ɗume on wawata wadda ɗojere be tawol pofɗe ɗo banda ma be jamma. Alluhai handi ɓe hakkila be man to ɓingel man ɗo ɗoja kujeji toi handi ɓe hakkila be man ngam usta ko haɗa ɗojugo man.,"Dada fere hakkili lari bingel mum do dojja jeh balde.
Arindere kam, o tamma pewol on billata berde bingel man, den bo accan mo.
Amma bo, dojjugo man ustai. Bingel man do umma kala jamma fu gam dojjere man. Wakkati go kam ma bingel man do hapda bana o wala wawa fofa beh boddum. Dada man toh ummini bingel man darni, odo wawa nana no berde mako fiyata wakkati o fofata. Gam bannin, danugo beh jamma do yarna bingel man bone. De bingel man dojji Sosai ha gagiri mo fofugo beh boddum der jamma, jango man dada man taski yahugo asibiti. Oyidi o anda ko wadi dojjugo man fuddi, ko waddi ta’ol pofde man, dende bo o anda hedi o wawata vallugo. Emol am hoda hanjum on: dume on wawata wadda dojjere beh ta’ol pofde do, banda ma beh jamma? Kuje kalludum toi handi beh hakkila beh man toh bingel man do dojja? Kujeji toi handi beh hakkila beh man gam usta ko hada dojjugo man?
",http://speech-app.s3.amazonaws.com/static/audio/uploads/2a7e9671-a183-4eeb-8e39-ab9c3c41583d/0f404b61a6cd74e458bf719ec8dcbeb3_AZyiHPA6.wav,"Ɗum ko alama hulɓinɗe: ɓingel ɗo ɗojude/cough e jamma, fufugo saɗii, ɓerde maa pofɗe ɗo “fiyude” — ɗum ina waawi wonde pofɗe ɗe njarii/pneumonia walla asma/bronchiolitis.  
Yahnee asibiti hande-hande ngam dokita yoƴɓe mo, ɓe ndaar fufugo makko, oxygen, e ndiyam pofɗe, ɓe hokku mo dawaaji so ina sokli.  
So o fufata haa saɗii, ɓernde/ɓoggol na naata, o waawataa muynude, o heɓii yowre mawnde, walla leɓɓe makko ngol ngol/blue—ɗum ko emergency.  
Hade njahugol, jooɗin mo dow, hokku mo ndiyam/breast milk seeɗa-seeɗa, saf salin nder hondu so ngesa ɗarii, walla paracetamol so yowre woodi.  
Woto hokku dawaaji ɗojere, antibiotics, walla leppi gargajiya tawa dokita yamiraani, ngam ɗum waawi ɓurɗude ɗeenɗe.",GPT 5.5,gpt-5.5
2eafca32-8cb0-4b65-afd7-f00db2a06c8a,fulfulde,fulfulde,Roowo ɓingel lari ɓingel mai ɗo ɗodda sosai naudum har karshe doddugo bingel none don wadata dotugo ha bingel bannin tan har karshe doddugo mai wala fufa boddum da kerdake fofata goji dume be dume be wawata be wanna bingal to borade toi min hokkata mo be kuma chawara tokkata reo bingal mai.,"Renoodo bingel lari bingel mai do dojja sosai naudum, har karshe dojjugo mingel nonnon tan foofugo daker.
Toh dume don waddata dojjugo ha bingel banni tan, har karshe dojjugo mai wala foofa boddum daker daker foofata? Goji dime be dime bewawata bewanna bingel mai? Choboraade toi min hokkata mo? Be
Kuma shawara toi hokkata renoodo bingel mai?",http://speech-app.s3.amazonaws.com/static/audio/uploads/384e1111-4dbf-4bbf-84f0-ed4ff7510e0f/d12396cc9b636a29e3344b6b9418a17e_r275y4Of.wav,"Si ɓinngel maa ko ɓiraaɗam tan ɗo muyna, ɗo ɗoɗɗa heewi amma wala fepu, wala ƴiiƴam/ɓodɗum e roɓɓi, wala yuttude, ɗum ena waawi wonde al’ada.  
Jokku hokki mo ɓiraaɗam tan haa lebbi jeegom; hoto hokku ndiyam, kunu walla magani gargajiya.  
Si roɓɓi ɗin ko ndiyam-ndiyam, hokku ORS seeɗa-seeɗa caggal ɗoɗɗe kala, e zinc 10 mg ñande kala ñalɗi 10–14 si o les lebbi 6.  
Yah asibiti ɗoonɗoon si fepu, ƴiiƴam e roɓɓi, yuttude, o sala muynude, jonta/yimɓe, gite suɓii, wala ndiyam fittaade/urine.",GPT 5.5,gpt-5.5
af16b3f3-84a4-4de3-a2ea-7bc14114dc24,fulfulde,fulfulde,nonon tan min lari debbo rediyo je sibiti amin wari fajjiri do o wari be naudum sosai o do woka be sembe odo jogi bawo mako be redu mako gam nodum o nanata bawo minti jetati yahugo sappo ha dar sudu danyugo min waddi mo min lari mo min tawi bingel do jippa. Pellel sam o yiɗi ɓinngel debbo to min waddini min waɗini ko haandi fuu en waɗata ɓaawo redu jobay ni min hoosi daada bee ɓinngel maako min yari bee hasudu ɓe siwta ndee seɗɗa sey dada man nyoniya o yecci amin o ɗo nana o walaa. O nana osomi gite mako o yi'ata laɓɗo o vi' amin ogodi nyamugo ɓawo o danyi amma da kek o heɓi o nyami be nyiri mai wala jippa boɗɗum har jotta oɗo ɗaana o wala sembe be o fuddi nanugo gelo on feɗi bannin ko iyam vurti ha mako sosai o wala iyam o handini ko o handi ni. Kilungo iyam ko ɗume wa nanta mo min hokka mo iyam na ko min hokka mo nyiri.,"Nonnon tan min lari debbo redujo je sibiti amin wari fajiri do. Owari be naudum sosai, odo wooka be sembe, odo jogi baawo mako be reedu mako gam noudum onanata. Bawo minti je tati yahugo sappo hader sudu 
dayugo min waddimo. Min larimo mintawi , mingel do jippa pellel danugo Dee. Nebai sam o dayi mingel debbo.
Toh min wadi ni kohaadi fu enwadata bawo redugo dayi .
Napai ni min hosi daada be bingel mako, min yari be haa sudu be suitata.
De nebi sedda, sai daada mai yooni amin , o yechi amin odonana o wala sembe, osomi , gite mako oyiyata labdum.
Ovi amin fu ogodi yamugo bawo o Dayi, amma dakar o hebi o yammi, Be yiiri mai wala jibba boddum.
Har jotta odonana o walaa sembe be ofuddi nanugo giilol . 
Dime on fedi bannin? Ko eyam vurti ha maako sosai, owala eyam. Ohadinika pillunko eyam. Ko dime bewadantamo? 
Min hokkamo eyam na?
Ko min hokkamo yirri?
",http://speech-app.s3.amazonaws.com/static/audio/uploads/4af59541-4b5a-442d-8676-4e2d66831773/c12052a2e9a926a6ce3a09d372ea0123_dow87MSR.wav,"Ko ɗum ɗo hollata haɗari: debbo ndee ɓaawo jibinannde o walaa sembe, gite mako no rufde, o ɗo ɗaana, walla ƴiiƴam no yaltude — ɗum wa’i ko “ɗiiɗam/ƴiiƴam boni” walla shock ɓaawo jibinannde.  
Wadde mo sibiti jooni-jooni; dokita haani auna BP, duba ko placenta timmi, Hb/ƴiiƴam, hokka drip, oxytocin/misoprostol, walla hokka ƴiiƴam so ɗum haani.  
Haa ɗon, waɗee mo o ɗaanii leydi e tuggude, hokka ndiyam/ORS seɗɗa-seɗɗa so o ɗo waawi yarde, amma hoto hokka magani garaya walla lefol.  
So ƴiiƴam no yaltude buy, o ɗo honga, o yi’ataa laaɓɗo, o ɗo waɗa fittu, walla o walaa sembe sam — ɗum ko emergency.  
Nyiri e iron/folic acid maa walla, kono jooni ko sibiti ɓuri himmude, sabu o maa yiɗa ƴiiƴam/transfusion.",GPT 5.5,gpt-5.5
